 -0.003385 0.752100 
 0.000000 0.000000 
 0.000000 0.000000  0.000000
 -0.010514 0.742982 1.354522
 -0.005039 0.869175 1.113805
 0.000000 0.000000 0.000000
 0.000000 0.000000 0.000000
 0.000921 0.202042 -0.064152 0.003574 
 1.087022 -0.110049 -0.001660 -0.153998 
 0.001260 0.001254 
 1.110223e-16 0.576228 
 0.952390 0.678580 
           7.09499725813646e+00          -2.09029436790093e-01           2.41243636390565e-03
          -1.26401798430267e-05           2.53911933174316e-08 
 0.000000 0.000000 
 0.000000 0.000000  
 0.000000 0.000000  0.000000
 -0.006300 -0.042535 
 -0.088418 -0.047345 