 -0.028518 0.593166
 0.000000 0.000000
 -0.000017 0.547788 2.359085
 0.000000 0.000000 0.000000
 0.000000 0.000000 0.000000
 0.000000 0.000000 0.000000
 0.000000 0.000000 0.000000
 0.011739 0.170873 -0.064566 0.007847
 1.077803 -0.164722 -0.021046 -0.143108
 0.018650 0.017750
 -2.500000e-07 0.604630
 0.848930 0.631960
 6.60492650000000e+00 -1.81375080000000e-01 1.93058220000000e-03
 -9.20897400000000e-06 1.67120000000000e-08
 0.000055 -0.001224
 -0.001490 -0.000518
 -0.000106 -0.000091 0.016725
 -0.001625 -0.012517
 -0.023138 -0.015511
