 -0.003780 0.755959 
 -0.100023 0.997233 
 -0.000015 0.717621  1.500378
 0.000000 0.000000 0.000000
 0.000000 0.000000 0.000000
 0.000000 0.000000 0.000000
 0.000000 0.000000 0.000000
 0.042564 0.203799 -0.078770 0.033156 
 1.107867 -0.206981 -0.078679 -0.219385 
 0.086083 0.073319 
 -7.500000e-08 0.961106 
 0.891554 0.636126 
           6.76028664698117e+00          -1.88997794951871e-01           2.05394694102851e-03
          -1.00425687096725e-05           1.87336881322095e-08 
 -0.004166 -0.016316 
 -0.015616 -0.003445  
-0.000883 -0.004332 0.025773
 -0.008463 -0.036117 
 -0.037738 -0.012296 