#Generated by XLT for CNES on 29/07/2022 with SMACCOEF new version. Processing done with TETAV_MAX = 30
0.000000000000 0.000000000000 -0.000714593100 -0.003475600000 -0.013854030000 -0.012638270000 -0.004032423000 -0.028544070000 -0.000395802900 -0.675262700000 -2.996029000000 -0.000626845300 -0.017276310000
0.000000000000 0.000000000000 0.908563500000 0.777496600000 0.770030800000 0.778649700000 0.767241300000 0.592826600000 0.916301900000 0.477320700000 0.423979900000 0.953484500000 0.667263400000
-0.002507244000 -0.024426160000 -0.098445820000 -0.049857950000 -0.020339570000 -0.010846260000 0.000000000000 0.000000000000 0.000000000000 0.000000000000 0.000000000000 0.000000000000 0.000000000000
1.000032000000 0.995376500000 0.998832100000 0.999021000000 0.999925600000 0.999984500000 0.000000000000 0.000000000000 0.000000000000 0.000000000000 0.000000000000 0.000000000000 0.000000000000
0.000000000000 0.000000000000 0.000000000000 0.000000000000 -0.000018401300 0.000000000000 -0.000157711700 -0.000039724440 -0.000029749350 0.000000000000 0.000000000000 0.000000000000 0.000000000000
0.000000000000 0.000000000000 0.000000000000 0.000000000000 0.852172000000 0.000000000000 0.926615500000 0.413436800000 1.013970000000 0.000000000000 0.000000000000 0.000000000000 0.000000000000
0.000000000000 0.000000000000 0.000000000000 0.000000000000 2.502837000000 0.000000000000 2.831986000000 2.045983000000 2.716909000000 0.000000000000 0.000000000000 0.000000000000 0.000000000000
0.000000000000 0.000000000000 0.000000000000 0.000000000000 0.000000000000 0.000000000000 0.000000000000 0.000000000000 0.000000000000 0.000000000000 -0.000006381833 -0.016139580000 -0.000137644400
0.000000000000 0.000000000000 0.000000000000 0.000000000000 0.000000000000 0.000000000000 0.000000000000 0.000000000000 0.000000000000 0.000000000000 1.104929000000 0.744068000000 0.947185200000
0.000000000000 0.000000000000 0.000000000000 0.000000000000 0.000000000000 0.000000000000 0.000000000000 0.000000000000 0.000000000000 0.000000000000 0.882043900000 1.348980000000 1.709852000000
0.000000000000 0.000000000000 0.000000000000 0.000000000000 0.000000000000 0.000000000000 0.000000000000 0.000000000000 0.000000000000 0.000000000000 0.000000000000 -0.003868436000 -0.020592290000
0.000000000000 0.000000000000 0.000000000000 0.000000000000 0.000000000000 0.000000000000 0.000000000000 0.000000000000 0.000000000000 0.000000000000 0.000000000000 0.876723000000 0.814286700000
0.000000000000 0.000000000000 0.000000000000 0.000000000000 0.000000000000 0.000000000000 0.000000000000 0.000000000000 0.000000000000 0.000000000000 0.000000000000 1.127232000000 1.205268000000
0.000000000000 0.000000000000 0.000000000000 0.000000000000 0.000000000000 0.000000000000 0.000000000000 0.000000000000 0.000000000000 0.000000000000 0.000000000000 0.000000000000 -0.001717070000
0.000000000000 0.000000000000 0.000000000000 0.000000000000 0.000000000000 0.000000000000 0.000000000000 0.000000000000 0.000000000000 0.000000000000 0.000000000000 0.000000000000 0.947176300000
0.000000000000 0.000000000000 0.000000000000 0.000000000000 0.000000000000 0.000000000000 0.000000000000 0.000000000000 0.000000000000 0.000000000000 0.000000000000 0.000000000000 1.029629000000
0.000000000000 0.000000000000 0.000000000000 0.000000000000 0.000000000000 0.000000000000 0.000000000000 0.000000000000 0.000000000000 0.000000000000 0.000000000000 0.000000000000 0.000000000000
0.000000000000 0.000000000000 0.000000000000 0.000000000000 0.000000000000 0.000000000000 0.000000000000 0.000000000000 0.000000000000 0.000000000000 0.000000000000 0.000000000000 0.000000000000
0.000000000000 0.000000000000 0.000000000000 0.000000000000 0.000000000000 0.000000000000 0.000000000000 0.000000000000 0.000000000000 0.000000000000 0.000000000000 0.000000000000 0.000000000000
0.094035080000 0.069941180000 0.045865070000 0.025423760000 0.020724620000 0.017477230000 0.014374940000 0.011738120000 0.009955006000 0.008257199000 0.003696989000 0.002257402000 0.000069787000
0.178069500000 0.201439100000 0.212388400000 0.207459100000 0.200220800000 0.191486800000 0.181530700000 0.170864400000 0.163352700000 0.147925200000 0.093907260000 0.073563280000 0.038710080000
-0.076495450000 -0.082847080000 -0.085588410000 -0.079846550000 -0.076421220000 -0.073162820000 -0.069134100000 -0.064552960000 -0.061274250000 -0.054688810000 -0.031156250000 -0.022607840000 -0.009419818000
0.070360110000 0.048464870000 0.030400860000 0.016688170000 0.013660070000 0.011505030000 0.009519066000 0.007850825000 0.006760980000 0.004687732000 0.000207619800 -0.000211777500 0.000227855900
1.100638000000 1.110836000000 1.108419000000 1.098433000000 1.093375000000 1.088735000000 1.083436000000 1.077803000000 1.073707000000 1.068378000000 1.043585000000 1.033239000000 1.018272000000
-0.220843800000 -0.217091900000 -0.208199000000 -0.187195200000 -0.181145800000 -0.176217900000 -0.170680200000 -0.164723700000 -0.160490700000 -0.151942000000 -0.114033700000 -0.095582270000 -0.052741970000
-0.187891600000 -0.131718800000 -0.083977620000 -0.045277210000 -0.036691580000 -0.031879140000 -0.026496740000 -0.021045140000 -0.017056430000 -0.014418300000 -0.003129877000 0.000257957000 -0.000725663800
-0.263989200000 -0.248749000000 -0.221645100000 -0.187977000000 -0.175863900000 -0.165949500000 -0.154769400000 -0.143110700000 -0.134655100000 -0.124580700000 -0.079148620000 -0.060277400000 -0.031634070000
0.237210000000 0.156030000000 0.091080000000 0.045300000000 0.035790000000 0.029200000000 0.023350000000 0.018650000000 0.015610000000 0.010930000000 0.002430000000 0.001280000000 0.000370000000
0.169150000000 0.121750000000 0.077280000000 0.041160000000 0.033040000000 0.027230000000 0.022000000000 0.017750000000 0.014980000000 0.010550000000 0.002400000000 0.001270000000 0.000370000000
-0.000000500000 -0.000000500000 -0.000001500000 -0.000000750000 -0.000000750000 -0.000000000000 -0.000000500000 -0.000000500000 0.000000000000 0.000001250000 0.000000000000 0.000000000000 0.000001000000
1.263228000000 1.132923000000 0.979877100000 0.800491500000 0.746038500000 0.699200000000 0.651027600000 0.604640900000 0.572800000000 0.513382400000 0.323783800000 0.260476500000 0.156650600000
0.900290000000 0.898870000000 0.891470000000 0.884310000000 0.877640000000 0.868620000000 0.858800000000 0.848940000000 0.841460000000 0.826840000000 0.768020000000 0.752590000000 0.761530000000
0.643080000000 0.639880000000 0.636610000000 0.631860000000 0.630740000000 0.631080000000 0.631470000000 0.631960000000 0.632290000000 0.633800000000 0.641900000000 0.655260000000 0.733600000000
6.775394200000 6.793592800000 6.796902100000 6.781199500000 6.755504200000 6.709136000000 6.659179700000 6.604940900000 6.568700800000 6.427469400000 5.848162800000 5.528471100000 4.620277500000
-0.191082130000 -0.191000370000 -0.190202410000 -0.188641940000 -0.187411150000 -0.185530970000 -0.183526180000 -0.181375660000 -0.179924750000 -0.174992550000 -0.154734270000 -0.146437250000 -0.129665620000
0.002093469300 0.002085755500 0.002066498300 0.002037683900 0.002018520200 0.001990902500 0.001961738000 0.001930590400 0.001909453000 0.001844001600 0.001574491200 0.001489412100 0.001399629900
-0.000010327794 -0.000010250186 -0.000010093825 -0.000009889686 -0.000009764345 -0.000009588943 -0.000009404968 -0.000009209023 -0.000009075482 -0.000008690593 -0.000007101953 -0.000006696099 -0.000006684177
0.000000019463 0.000000019231 0.000000018802 0.000000018296 0.000000017999 0.000000017591 0.000000017165 0.000000016712 0.000000016403 0.000000015567 0.000000012110 0.000000011343 0.000000011972
-0.005055000000 -0.002989000000 -0.001103000000 -0.000165000000 -0.000037000000 0.000049000000 0.000068000000 0.000055000000 0.000030000000 0.000232000000 0.000095000000 -0.000122000000 -0.000169000000
-0.008687000000 -0.006260000000 -0.004035000000 -0.002133000000 -0.001600000000 -0.001632000000 -0.001491000000 -0.001226000000 -0.000955000000 -0.001787000000 -0.001353000000 -0.000826000000 -0.000138000000
-0.007897000000 -0.006523000000 -0.004886000000 -0.003240000000 -0.002538000000 -0.002359000000 -0.001985000000 -0.001492000000 -0.000969000000 -0.002751000000 -0.003783000000 -0.002993000000 0.000374000000
-0.001114000000 -0.001074000000 -0.000995000000 -0.001059000000 -0.000985000000 -0.000931000000 -0.000768000000 -0.000518000000 -0.000211000000 -0.001460000000 -0.003687000000 -0.003317000000 0.003934000000
-0.014062000000 -0.006105000000 -0.002071000000 -0.000529000000 -0.000331000000 -0.000235000000 -0.000157000000 -0.000102000000 -0.000069000000 -0.000042000000 -0.000003000000 0.000157000000 0.000066000000
0.026672000000 0.012192000000 0.003676000000 0.000323000000 -0.000152000000 -0.000190000000 -0.000153000000 -0.000324000000 -0.000347000000 -0.000130000000 -0.000581000000 -0.176037000000 -0.255251000000
0.020658000000 0.022993000000 0.023517000000 0.022486000000 0.022290000000 0.022461000000 0.020759000000 0.019430000000 0.017119000000 0.016735000000 0.040815000000 34.129828000000 170.048749000000
-0.004063000000 -0.003733000000 -0.003214000000 -0.002565000000 -0.002317000000 -0.002081000000 -0.001844000000 -0.001625000000 -0.001477000000 -0.001203000000 -0.000490000000 -0.000329000000 -0.000126000000
-0.012751000000 -0.013120000000 -0.013455000000 -0.013326000000 -0.013187000000 -0.013029000000 -0.012807000000 -0.012517000000 -0.012298000000 -0.011600000000 -0.008693000000 -0.007882000000 -0.006461000000
-0.012173000000 -0.014152000000 -0.016638000000 -0.020161000000 -0.021062000000 -0.021791000000 -0.022489000000 -0.023139000000 -0.023493000000 -0.024299000000 -0.025265000000 -0.028109000000 -0.050743000000
-0.003917000000 -0.005057000000 -0.006854000000 -0.010146000000 -0.011383000000 -0.012583000000 -0.013971000000 -0.015512000000 -0.016648000000 -0.019262000000 -0.032058000000 -0.044147000000 -0.128383000000
