 0.000000 0.000000
 -0.024018 0.995265
 0.000000 0.000000 0.000000
 0.000000 0.000000 0.000000
 0.000000 0.000000 0.000000
 0.000000 0.000000 0.000000
 0.000000 0.000000 0.000000
 0.070219 0.201199 -0.082786 0.048710
 1.110736 -0.217146 -0.132378 -0.248948
 0.156930 0.122290
 -1.500000e-06 1.134477
 0.898890 0.639920
 6.79344700000000e+00 -1.91004380000000e-01 2.08589230000000e-03
 -1.02513880000000e-05 1.92340000000000e-08
 -0.003009 -0.006282
 -0.006536 -0.001074
 -0.006188 0.012395 0.023010
 -0.003737 -0.013115
 -0.014125 -0.005041
