 -0.000385 0.910820 
 0.000000 0.000000 
 -0.000030 0.994903  2.759438
 0.000000 0.000000 0.000000
 0.000000 0.000000 0.000000
 0.000000 0.000000 0.000000
 0.000000 0.000000 0.000000
 0.009902 0.164075 -0.062451 0.007555 
 1.072884 -0.159789 -0.016853 -0.133853 
 0.015602 0.014977 
 -3.750000e-07 0.572722 
 0.841444 0.632291 
           6.53276906485365e+00          -1.78814567604031e-01           1.89845365190733e-03
          -9.03394281107027e-06           1.63559395490486e-08 
 -0.000146 -0.003606 
 -0.005628 -0.002543  
-0.000018 -0.002720 0.026841
 -0.003551 -0.028359 
 -0.049062 -0.027996 