 -0.002878 0.746401 
 0.000000 0.000000 
 0.000000 0.000000  0.000000
 -0.010923 0.749169 1.345096
 -0.005497 0.876672 1.108158
 0.000000 0.000000 0.000000
 0.000000 0.000000 0.000000
 0.002201 0.073989 -0.023281 -0.000292 
 1.031605 -0.093252 0.000171 -0.057947 
 0.001233 0.001227 
 -5.000000e-08 0.256346 
 0.752870 0.657465 
           5.46170185892911e+00          -1.44794275453650e-01           1.47602365419676e-03
          -6.65811245611912e-06           1.13250800837863e-08 
 0.000000 0.000000 
 0.000000 0.000000 
 0.000000 0.000000 0.000000
 -0.000219 -0.006052 
 -0.021110 -0.034908 
