 -0.096293 0.421758 
 -0.002109 0.987359 
 -0.013715 0.328635  2.182486
 0.000000 0.000000 0.000000
 0.000000 0.000000 0.000000
 0.000000 0.000000 0.000000
 0.000000 0.000000 0.000000
 0.011963 0.244428 -0.087871 0.010251 
 1.104496 -0.154987 -0.020772 -0.190934 
 0.018379 0.017385 
 2.775558e-16 0.850086 
 0.942288 0.696707 
           6.86389498994023e+00          -2.07490414700266e-01           2.46837644120344e-03
          -1.33942872942898e-05           2.79353597176336e-08 
 -0.000024 -0.004443 
 -0.004685 -0.001257  
-0.000040 -0.003130 0.034343
 -0.008387 -0.038757 
 -0.055570 -0.020161 