 -0.003978 0.771363 
 -0.084216 0.993826 
 -0.000996 0.571777  1.689556
 0.000000 0.000000 0.000000
 0.000000 0.000000 0.000000
 0.000000 0.000000 0.000000
 0.000000 0.000000 0.000000
 0.029872 0.206754 -0.079454 0.022341 
 1.101631 -0.193255 -0.053918 -0.197446 
 0.055584 0.049560 
 5.000000e-08 0.847517 
 0.887582 0.633171 
           6.75423952046448e+00          -1.88135749587902e-01           2.03709842228113e-03
          -9.91977780683164e-06           1.84240462289281e-08 
 -0.002152 -0.011509 
 -0.012481 -0.003356  
-0.000328 -0.004814 0.027003
 -0.007315 -0.035732 
 -0.042661 -0.015840 