 -0.028272 0.584910 
 -0.000099 0.995408 
 -0.002844 0.380052  2.217428
 0.000000 0.000000 0.000000
 0.000000 0.000000 0.000000
 0.000000 0.000000 0.000000
 0.000000 0.000000 0.000000
 0.012250 0.173747 -0.066652 0.009097 
 1.077183 -0.165816 -0.022034 -0.142472 
 0.019635 0.018647 
 1.665335e-16 0.614808 
 0.851164 0.631825 
           6.58357087735478e+00          -1.80818188878727e-01           1.92735712839828e-03
          -9.21523350497470e-06           1.67736399346750e-08 
 -0.000246 -0.004578 
 -0.006665 -0.002778  
-0.000033 -0.003147 0.028671
 -0.004108 -0.029852 
 -0.048443 -0.025569 