 0.000000 0.000000 
 -0.016420 0.994340 
 0.000000 0.000000  0.000000
 0.000000 0.000000 0.000000
 0.000000 0.000000 0.000000
 0.000000 0.000000 0.000000
 0.000000 0.000000 0.000000
 0.073715 0.180914 -0.072871 0.061471 
 1.109249 -0.220176 -0.142987 -0.255868 
 0.176141 0.133913 
 -1.500000e-07 1.167849 
 0.899388 0.640711 
           6.75201514178659e+00          -1.89919671374288e-01           2.07747231398399e-03
          -1.02360844384539e-05           1.92652139829598e-08 
 -0.010731 -0.026605 
 -0.019742 -0.003041  
-0.004544 0.004198 0.021955
 -0.010528 -0.036252 
 -0.030809 -0.008161 