 -0.000599 0.885085 
 -0.098914 0.999184 
 0.000000 0.000000  0.000000
 0.000000 0.000000 0.000000
 0.000000 0.000000 0.000000
 0.000000 0.000000 0.000000
 0.000000 0.000000 0.000000
 0.045350 0.211841 -0.083269 0.031353 
 1.106165 -0.211545 -0.083530 -0.214760 
 0.090834 0.077121 
 1.500000e-07 0.979392 
 0.891359 0.636605 
           6.76021800592954e+00          -1.89088555185722e-01           2.05583591439088e-03
          -1.00561965238256e-05           1.87665273611749e-08 
 -0.004509 -0.016912 
 -0.015891 -0.003420  
-0.000946 -0.004461 0.024952
 -0.008633 -0.036161 
 -0.036993 -0.011816 