 -0.000555 0.949879 
 0.000000 0.000000 
 0.000000 0.000000  0.000000
 -0.016048 0.732156 1.399435
 -0.000845 0.947078 1.237068
 0.000000 0.000000 0.000000
 0.000000 0.000000 0.000000
 0.000965 0.075928 -0.024114 0.000997 
 1.032122 -0.095091 -0.001687 -0.057235 
 0.001298 0.001291 
 -7.500000e-08 0.262034 
 0.752494 0.654431 
           5.50322546954109e+00          -1.45469927903124e-01           1.47820900014157e-03
          -6.64524914051658e-06           1.12657284331375e-08 
 -0.000077 -0.000318 
 -0.000688 -0.000769  
-0.000032 -0.020394 4.656960
 -0.000467 -0.011427 
 -0.039332 -0.055556 