 -0.000568 0.950103 
 0.000000 0.000000 
 0.000000 0.000000  0.000000
 -0.016372 0.731751 1.395295
 -0.001280 0.928224 1.226675
 0.000000 0.000000 0.000000
 0.000000 0.000000 0.000000
 0.000966 0.075918 -0.024110 0.000996 
 1.032118 -0.095079 -0.001686 -0.057227 
 0.001298 0.001291 
 -1.500000e-07 0.262007 
 0.752495 0.654453 
           5.50300645452949e+00          -1.45466180191912e-01           1.47819236122812e-03
          -6.64527303784198e-06           1.12659220854728e-08 
 -0.000077 -0.000319 
 -0.000685 -0.000751  
-0.000031 -0.020842 4.703367
 -0.000467 -0.011429 
 -0.039344 -0.055569 