 -0.031313 0.575207 
 -0.000033 0.996048 
 -0.001079 0.391254  2.234963
 0.000000 0.000000 0.000000
 0.000000 0.000000 0.000000
 0.000000 0.000000 0.000000
 0.000000 0.000000 0.000000
 0.011726 0.246651 -0.088938 0.010190 
 1.104745 -0.156277 -0.020169 -0.191297 
 0.018312 0.017442 
 -1.500000e-07 0.859255 
 0.942225 0.696986 
           6.86292749444027e+00          -2.07635347191512e-01           2.47230344783542e-03
          -1.34280319536374e-05           2.80306689831909e-08 
 0.000016 -0.002455 
 -0.002419 -0.000613  
-0.000074 -0.001052 0.013614
 -0.002035 -0.009900 
 -0.028283 -0.013412 