 -0.000718 0.908826
 -0.098452 0.998839
 0.000000 0.000000 0.000000
 0.000000 0.000000 0.000000
 0.000000 0.000000 0.000000
 0.000000 0.000000 0.000000
 0.000000 0.000000 0.000000
 0.045867 0.212375 -0.085573 0.030405
 1.108420 -0.208203 -0.083980 -0.221649
 0.091080 0.077290
 -3.000000e-06 0.979901
 0.891470 0.636610
 6.79696140000000e+00 -1.90204910000000e-01 2.06653450000000e-03
 -1.00940430000000e-05 1.88020000000000e-08
 -0.001104 -0.004038
 -0.004890 -0.000996
 -0.002071 0.003662 0.023543
 -0.003214 -0.013455
 -0.016636 -0.006853
