 0.000000 0.000000
 -0.024256 0.995312
 0.000000 0.000000 0.000000
 0.000000 0.000000 0.000000
 0.000000 0.000000 0.000000
 0.000000 0.000000 0.000000
 0.000000 0.000000 0.000000
 0.070097 0.201287 -0.082796 0.048605
 1.110776 -0.217119 -0.132083 -0.248857
 0.156540 0.122050
 2.000000e-06 1.133772
 0.898880 0.639900
 6.79352650000000e+00 -1.91002770000000e-01 2.08582930000000e-03
 -1.02508190000000e-05 1.92320000000000e-08
 -0.003000 -0.006273
 -0.006532 -0.001074
 -0.006154 0.012321 0.022988
 -0.003736 -0.013119
 -0.014140 -0.005049
