 -0.003459 0.777729
 -0.049930 0.999034
 0.000000 0.000000 0.000000
 0.000000 0.000000 0.000000
 0.000000 0.000000 0.000000
 0.000000 0.000000 0.000000
 0.000000 0.000000 0.000000
 0.025432 0.207467 -0.079852 0.016698
 1.098444 -0.187207 -0.045297 -0.188004
 0.045320 0.041170
 -0.000000e+00 0.800600
 0.884330 0.631870
 6.78125230000000e+00 -1.88644440000000e-01 2.03772210000000e-03
 -9.88993100000000e-06 1.82970000000000e-08
 -0.000165 -0.002135
 -0.003241 -0.001059
 -0.000531 0.000378 0.022169
 -0.002566 -0.013328
 -0.020162 -0.010145
