 -0.092595 0.421949 
 -0.001804 0.994371 
 -0.014535 0.341757  2.220101
 0.000000 0.000000 0.000000
 0.000000 0.000000 0.000000
 0.000000 0.000000 0.000000
 0.000000 0.000000 0.000000
 0.011556 0.168407 -0.064305 0.008561 
 1.076226 -0.162448 -0.020951 -0.140849 
 0.018274 0.017333 
 -2.000000e-07 0.594705 
 0.847480 0.632345 
           6.53561908235871e+00          -1.79134219714120e-01           1.90490396568474e-03
          -9.08268263109555e-06           1.64846988371642e-08 
 -0.000141 -0.004430 
 -0.006654 -0.002920  
-0.000031 -0.003305 0.033576
 -0.003828 -0.028813 
 -0.048373 -0.026534 