 -0.000746 0.898656 
 0.000000 0.000000 
 -0.000029 0.995869  2.754298
 0.000000 0.000000 0.000000
 0.000000 0.000000 0.000000
 0.000000 0.000000 0.000000
 0.000000 0.000000 0.000000
 0.010120 0.166080 -0.063442 0.007036 
 1.072188 -0.160264 -0.017096 -0.132379 
 0.015776 0.015138 
 1.110223e-16 0.574686 
 0.841906 0.632256 
           6.53628677224314e+00          -1.78942868433395e-01           1.90021124819731e-03
          -9.04454492237497e-06           1.63795261981601e-08 
 -0.000157 -0.003642 
 -0.005669 -0.002549  
-0.000018 -0.002735 0.027024
 -0.003577 -0.028448 
 -0.049059 -0.027887 