 -0.003238 0.797848 
 -0.063888 0.995888 
 -0.002252 0.536187  1.757002
 0.000000 0.000000 0.000000
 0.000000 0.000000 0.000000
 0.000000 0.000000 0.000000
 0.000000 0.000000 0.000000
 0.026895 0.205988 -0.078972 0.019887 
 1.097675 -0.190295 -0.048394 -0.186606 
 0.048877 0.044132 
 -1.750000e-07 0.817810 
 0.885925 0.632343 
           6.75029245688654e+00          -1.87820574491519e-01           2.03147177753609e-03
          -9.88045143358726e-06           1.83272523276849e-08 
 -0.001775 -0.010315 
 -0.011555 -0.003279  
-0.000232 -0.004841 0.026726
 -0.007000 -0.035560 
 -0.044053 -0.016969 