 -0.033613 0.552153 
 -0.000102 0.995707 
 -0.002919 0.374966  2.240758
 0.000000 0.000000 0.000000
 0.000000 0.000000 0.000000
 0.000000 0.000000 0.000000
 0.000000 0.000000 0.000000
 0.011530 0.170438 -0.065228 0.008601 
 1.076622 -0.163594 -0.020547 -0.141474 
 0.018328 0.017446 
 2.220446e-16 0.600700 
 0.848129 0.632031 
           6.56222552027553e+00          -1.80015948065326e-01           1.91613502067722e-03
          -9.14642802008535e-06           1.66182750685137e-08 
 -0.000189 -0.004305 
 -0.006408 -0.002756  
-0.000029 -0.003079 0.029484
 -0.003914 -0.029285 
 -0.048571 -0.026311 