 -0.002161 0.767319 
 -0.091662 0.996842 
 0.000000 0.000000  0.000000
 0.000000 0.000000 0.000000
 0.000000 0.000000 0.000000
 0.000000 0.000000 0.000000
 0.000000 0.000000 0.000000
 0.048654 0.203777 -0.070126 0.032435 
 1.122608 -0.171167 -0.086011 -0.242182 
 0.093540 0.078967 
 -5.000000e-08 0.995664 
 0.931395 0.707678 
           6.65355271576777e+00          -2.04198645727596e-01           2.47558981339077e-03
          -1.37356416000203e-05           2.93338034473435e-08 
 -0.003700 -0.015379 
 -0.013980 -0.002403  
-0.001040 -0.004184 0.025214
 -0.008370 -0.034048 
 -0.042188 -0.013026 