 -0.680923 0.475016 
 0.000000 0.000000 
 0.000000 0.000000  0.000000
 0.000000 0.000000 0.000000
 0.000000 0.000000 0.000000
 0.000000 0.000000 0.000000
 0.000000 0.000000 0.000000
 0.007674 0.149189 -0.056137 0.005767 
 1.067482 -0.151172 -0.014567 -0.123394 
 0.010926 0.010547 
 1.250000e-07 0.513398 
 0.826842 0.633799 
           6.39144745300387e+00          -1.73867763087982e-01           1.83264730150222e-03
          -8.64622182899674e-06           1.55125460464599e-08 
 0.000263 -0.002716 
 -0.004492 -0.002582  
-0.000013 -0.002224 0.030924
 -0.002753 -0.025191 
 -0.048348 -0.031271 