 -0.688583 0.476265
 0.000000 0.000000
 0.000000 0.000000 0.000000
 0.000000 0.000000 0.000000
 0.000000 0.000000 0.000000
 0.000000 0.000000 0.000000
 0.000000 0.000000 0.000000
 0.008293 0.148269 -0.054835 0.004729
 1.068503 -0.152142 -0.014477 -0.124815
 0.011020 0.010630
 -7.500000e-07 0.514687
 0.827170 0.633760
 6.43070420000000e+00 -1.75105650000000e-01 1.84550630000000e-03
 -8.69946100000000e-06 1.55860000000000e-08
 0.000230 -0.001767
 -0.002703 -0.001426
 -0.000045 0.000011 0.014754
 -0.001209 -0.011614
 -0.024275 -0.019194
