 -0.032967 0.552089 
 -0.000111 0.995465 
 -0.002938 0.374627  2.240454
 0.000000 0.000000 0.000000
 0.000000 0.000000 0.000000
 0.000000 0.000000 0.000000
 0.000000 0.000000 0.000000
 0.011489 0.170257 -0.065149 0.008573 
 1.076525 -0.163487 -0.020460 -0.141278 
 0.018256 0.017380 
 -1.500000e-07 0.599925 
 0.847957 0.632041 
           6.56119493234511e+00          -1.79976319714598e-01           1.91557268211236e-03
          -9.14294105380171e-06           1.66103130469541e-08 
 -0.000187 -0.004289 
 -0.006390 -0.002752  
-0.000032 -0.002925 0.027937
 -0.003904 -0.029256 
 -0.048581 -0.026355 