 -0.032796 0.568627 
 -0.000024 0.997131 
 -0.000767 0.397959  2.234445
 0.000000 0.000000 0.000000
 0.000000 0.000000 0.000000
 0.000000 0.000000 0.000000
 0.000000 0.000000 0.000000
 0.011596 0.246554 -0.088856 0.010121 
 1.104646 -0.156059 -0.019934 -0.191057 
 0.018087 0.017235 
 2.000000e-07 0.857778 
 0.942293 0.696891 
           6.86428779453705e+00          -2.07646590577581e-01           2.47201647471895e-03
          -1.34238661353702e-05           2.80162690290490e-08 
 0.000019 -0.002443 
 -0.002421 -0.000619  
-0.000074 -0.000962 0.012555
 -0.002032 -0.009901 
 -0.028327 -0.013457 