 -0.004762 0.751512 
 -0.083799 0.992208 
 -0.003220 0.492351  1.875157
 0.000000 0.000000 0.000000
 0.000000 0.000000 0.000000
 0.000000 0.000000 0.000000
 0.000000 0.000000 0.000000
 0.032200 0.227431 -0.080731 0.022162 
 1.115167 -0.169166 -0.056383 -0.219806 
 0.058119 0.051500 
 -1.250000e-07 0.959067 
 0.935066 0.704354 
           6.72302198689012e+00          -2.05482615978510e-01           2.47797633705652e-03
          -1.36621082327378e-05           2.89799793602916e-08 
 -0.002017 -0.010848 
 -0.010210 -0.002008  
-0.000378 -0.004746 0.027540
 -0.008533 -0.035600 
 -0.045597 -0.014622 