 -0.013744 0.772045
 -0.020465 0.999916
 -0.000016 0.800450 2.849759
 0.000000 0.000000 0.000000
 0.000000 0.000000 0.000000
 0.000000 0.000000 0.000000
 0.000000 0.000000 0.000000
 0.020762 0.200310 -0.076452 0.013679
 1.093420 -0.181194 -0.036739 -0.175961
 0.035860 0.033110
 7.500000e-07 0.746513
 0.877730 0.630740
 6.75596180000000e+00 -1.87429680000000e-01 2.01879190000000e-03
 -9.76606900000000e-06 1.80030000000000e-08
 -0.000039 -0.001601
 -0.002543 -0.000988
 -0.000338 -0.000014 0.021388
 -0.002319 -0.013190
 -0.021059 -0.011374
