 -0.012971 0.788635 
 -0.010867 1.000000 
 0.000000 0.000000  0.000000
 0.000000 0.000000 0.000000
 0.000000 0.000000 0.000000
 0.000000 0.000000 0.000000
 0.000000 0.000000 0.000000
 0.017529 0.191278 -0.073824 0.012682 
 1.088253 -0.176064 -0.031812 -0.165364 
 0.029251 0.027272 
 2.250000e-07 0.699598 
 0.868701 0.631077 
           6.67412715525200e+00          -1.84465562702965e-01           1.98065787477764e-03
          -9.55256960730635e-06           1.75565335676301e-08 
 -0.000614 -0.006625 
 -0.008530 -0.003034  
-0.000080 -0.003888 0.028073
 -0.005320 -0.032727 
 -0.047119 -0.021538 