 -0.013712 0.767937 
 -0.020446 0.999927 
 0.000000 0.000000  0.000000
 0.000000 0.000000 0.000000
 0.000000 0.000000 0.000000
 0.000000 0.000000 0.000000
 0.000000 0.000000 0.000000
 0.020794 0.199342 -0.076639 0.015039 
 1.092969 -0.181148 -0.036652 -0.175273 
 0.035841 0.033092 
 -2.250000e-07 0.746402 
 0.877710 0.630739 
           6.72062475984308e+00          -1.86347111980341e-01           2.00823997132904e-03
          -9.72747787942265e-06           1.79629039523181e-08 
 -0.001034 -0.007887 
 -0.009575 -0.003108  
-0.000117 -0.004272 0.026499
 -0.006051 -0.034273 
 -0.046418 -0.019722 