 -0.002394 0.781904 
 -0.076537 0.991968 
 -0.000641 0.546279  1.756893
 0.000000 0.000000 0.000000
 0.000000 0.000000 0.000000
 0.000000 0.000000 0.000000
 0.000000 0.000000 0.000000
 0.043955 0.210423 -0.082648 0.030382 
 1.104639 -0.206619 -0.080953 -0.211515 
 0.088983 0.074658 
 -1.500000e-07 0.956928 
 0.892181 0.635864 
           6.75799765454772e+00          -1.88898423530916e-01           2.05266723660153e-03
          -1.00361667756822e-05           1.87238693097269e-08 
 -0.000471 -0.000978 
 -0.001530 -0.000026  
-0.001773 0.002595 0.019073
 -0.001956 -0.008580 
 -0.012297 -0.005827 