 -0.032796 0.568627 
 -0.000024 0.997131 
 -0.000764 0.404295  2.232129
 0.000000 0.000000 0.000000
 0.000000 0.000000 0.000000
 0.000000 0.000000 0.000000
 0.000000 0.000000 0.000000
 0.011522 0.171777 -0.065963 0.007841 
 1.075285 -0.163580 -0.020265 -0.138663 
 0.018087 0.017235 
 2.750000e-07 0.598618 
 0.847607 0.632035 
           6.56144742269558e+00          -1.79969182207513e-01           1.91531882428214e-03
          -9.14067361633274e-06           1.66037526199023e-08 
 -0.000104 -0.002749 
 -0.003778 -0.001599  
-0.000074 -0.000962 0.012555
 -0.000991 -0.008455 
 -0.016667 -0.012459 