 -2.876226 0.417546
 0.000000 0.000000
 0.000000 0.000000 0.000000
 -0.000006 1.203700 0.724843
 0.000000 0.000000 0.000000
 0.000000 0.000000 0.000000
 0.000000 0.000000 0.000000
 0.003672 0.093601 -0.031019 0.000198
 1.043406 -0.113771 -0.003051 -0.078828
 0.002410 0.002380
 1.250000e-06 0.322796
 0.767650 0.641970
 5.84447840000000e+00 -1.54605550000000e-01 1.57277770000000e-03
 -7.09184000000000e-06 1.20880000000000e-08
 0.000093 -0.001330
 -0.003734 -0.003653
 -0.000007 0.001411 -0.097590
 -0.000487 -0.008672
 -0.025249 -0.032142
