 -0.000006 0.000000 
 -0.019861 0.994104 
 -0.000021 0.317824  2.188963
 0.000000 0.000000 0.000000
 0.000000 0.000000 0.000000
 0.000000 0.000000 0.000000
 0.000000 0.000000 0.000000
 0.071096 0.183649 -0.073530 0.058820 
 1.110184 -0.219528 -0.136859 -0.253858 
 0.167397 0.128597 
 5.000000e-08 1.152455 
 0.899168 0.640351 
           6.75395263886057e+00          -1.89899543159679e-01           2.07638753837607e-03
          -1.02257479404763e-05           1.92350429541852e-08 
 -0.010155 -0.025878 
 -0.019577 -0.003092  
-0.004031 0.002933 0.022312
 -0.010404 -0.036325 
 -0.031328 -0.008415 