 0.000000 0.000000
 -0.002501 1.000011
 0.000000 0.000000 0.000000
 0.000000 0.000000 0.000000
 0.000000 0.000000 0.000000
 0.000000 0.000000 0.000000
 0.000000 0.000000 0.000000
 0.094056 0.178045 -0.076491 0.070387
 1.100626 -0.220846 -0.187949 -0.264004
 0.237300 0.169200
 7.500000e-07 1.263357
 0.900290 0.643080
 6.77539820000000e+00 -1.91083170000000e-01 2.09349150000000e-03
 -1.03279630000000e-05 1.94630000000000e-08
 -0.005059 -0.008695
 -0.007903 -0.001115
 -0.014068 0.026670 0.020679
 -0.004063 -0.012751
 -0.012171 -0.003916
