 -0.003226 0.762951 
 -0.095016 0.997183 
 0.000000 0.000000  0.000000
 0.000000 0.000000 0.000000
 0.000000 0.000000 0.000000
 0.000000 0.000000 0.000000
 0.000000 0.000000 0.000000
 0.044644 0.202730 -0.078362 0.034969 
 1.106234 -0.210816 -0.083989 -0.215103 
 0.091282 0.077288 
 2.220446e-16 0.978540 
 0.891993 0.636553 
           6.76049550993969e+00          -1.89102234965802e-01           2.05615435415029e-03
          -1.00592021580841e-05           1.87764560053506e-08 
 -0.004544 -0.017042 
 -0.015999 -0.003431  
-0.000988 -0.004245 0.025301
 -0.008641 -0.036174 
 -0.037077 -0.011853 