 -0.030175 0.587882 
 -0.000063 0.996229 
 -0.002115 0.403293  2.223280
 0.000000 0.000000 0.000000
 0.000000 0.000000 0.000000
 0.000000 0.000000 0.000000
 0.000000 0.000000 0.000000
 0.012446 0.174598 -0.067022 0.009228 
 1.077622 -0.166325 -0.022447 -0.143352 
 0.019978 0.018961 
 -1.000000e-07 0.618465 
 0.851936 0.631779 
           6.58841787003220e+00          -1.81005293974369e-01           1.93002079933441e-03
          -9.23178271828371e-06           1.68114550668901e-08 
 -0.000257 -0.004648 
 -0.006730 -0.002787  
-0.000037 -0.003118 0.028438
 -0.004158 -0.029990 
 -0.048397 -0.025377 