 -0.002853 0.771222 
 0.000000 0.000000 
 0.000000 0.000000  0.000000
 -0.011040 0.739033 1.361154
 -0.004870 0.874717 1.113366
 0.000000 0.000000 0.000000
 0.000000 0.000000 0.000000
 0.000920 0.074470 -0.023506 0.000959 
 1.031761 -0.093740 0.000182 -0.058256 
 0.001253 0.001246 
 -7.500000e-08 0.257949 
 0.752755 0.656682 
           5.47286157173494e+00          -1.44968712480364e-01           1.47645827090088e-03
          -6.65357521578975e-06           1.13066343074007e-08 
 0.000000 0.000000 
 0.000000 0.000000  
 0.000000 0.000000  0.000000
 -0.000449 -0.011187 
 -0.039316 -0.056695 