 -0.017274 0.667268
 0.000000 0.000000
 0.000000 0.000000 0.000000
 -0.000138 0.941886 1.716091
 -0.020589 0.814293 1.205236
 -0.001718 0.947160 1.029752
 0.000000 0.000000 0.000000
 0.000069 0.038711 -0.009422 0.000228
 1.018271 -0.052742 -0.000726 -0.031632
 0.000370 0.000370
 7.500000e-07 0.156650
 0.761530 0.733600
 4.62025010000000e+00 -1.29664590000000e-01 1.39961550000000e-03
 -6.68409100000000e-06 1.19710000000000e-08
 -0.000169 -0.000140
 0.000357 0.003892
 0.000066 -0.255251 170.048749
 -0.000126 -0.006461
 -0.050751 -0.128404
