 -2.999870 0.424365
 0.000000 0.000000
 0.000000 0.000000 0.000000
 -0.000006 1.113397 0.870661
 0.000000 0.000000 0.000000
 0.000000 0.000000 0.000000
 0.000000 0.000000 0.000000
 0.003697 0.093906 -0.031155 0.000208
 1.043585 -0.114034 -0.003130 -0.079149
 0.002430 0.002400
 0.000000e+00 0.323784
 0.768020 0.641900
 5.84817070000000e+00 -1.54734600000000e-01 1.57449620000000e-03
 -7.10198500000000e-06 1.21100000000000e-08
 0.000095 -0.001352
 -0.003780 -0.003683
 -0.000004 -0.000289 0.012678
 -0.000490 -0.008693
 -0.025264 -0.032056
