 -0.002861 0.803278 
 -0.063179 0.995126 
 -0.006541 0.483253  1.861218
 0.000000 0.000000 0.000000
 0.000000 0.000000 0.000000
 0.000000 0.000000 0.000000
 0.000000 0.000000 0.000000
 0.026794 0.205863 -0.078926 0.019808 
 1.097558 -0.190148 -0.048193 -0.186337 
 0.048670 0.043955 
 -1.750000e-07 0.816601 
 0.885802 0.632306 
           6.74988672404102e+00          -1.87798550455523e-01           2.03111632213210e-03
          -9.87808359870786e-06           1.83215605066808e-08 
 -0.001764 -0.010282 
 -0.011535 -0.003280  
-0.000232 -0.004805 0.026675
 -0.006983 -0.035535 
 -0.044086 -0.017009 