 -0.002617 0.785448 
 -0.079702 0.993535 
 -0.001019 0.522834  1.797414
 0.000000 0.000000 0.000000
 0.000000 0.000000 0.000000
 0.000000 0.000000 0.000000
 0.000000 0.000000 0.000000
 0.040218 0.211332 -0.082832 0.027570 
 1.103462 -0.203677 -0.073661 -0.206473 
 0.079564 0.067763 
 2.220446e-16 0.928468 
 0.890932 0.635182 
           6.75718549479762e+00          -1.88704058036309e-01           2.04862771159736e-03
          -1.00056206759837e-05           1.86443621506873e-08 
 -0.000366 -0.000963 
 -0.001323 -0.000003  
-0.001415 0.001711 0.018646
 -0.001891 -0.008607 
 -0.012686 -0.006185 