 -0.000757 0.901893 
 -0.098738 0.998703 
 0.000000 0.000000  0.000000
 0.000000 0.000000 0.000000
 0.000000 0.000000 0.000000
 0.000000 0.000000 0.000000
 0.000000 0.000000 0.000000
 0.044563 0.202436 -0.078108 0.034958 
 1.108630 -0.209645 -0.082273 -0.222335 
 0.090966 0.077198 
 2.750000e-07 0.979534 
 0.891461 0.636605 
           6.76027190320044e+00          -1.89092698238609e-01           2.05592566069425e-03
          -1.00569582976180e-05           1.87688130782914e-08 
 -0.004518 -0.016940 
 -0.015909 -0.003421  
-0.000955 -0.004412 0.024958
 -0.008637 -0.036165 
 -0.036997 -0.011815 