 -0.014227 0.585985 
 0.000000 0.000000 
 0.000000 0.000000  0.000000
 -0.008037 0.739815 1.356487
 -0.005028 0.898173 1.082853
 0.000000 0.000000 0.000000
 0.000000 0.000000 0.000000
 0.000863 0.072637 -0.022742 0.000911 
 1.031124 -0.092022 -0.001628 -0.055392 
 0.001196 0.001190 
 -1.000000e-07 0.252805 
 0.753094 0.659545 
           5.43447520673269e+00          -1.44333334191605e-01           1.47420911924111e-03
          -6.66385514053531e-06           1.13577965787777e-08 
 -0.000113 -0.000323 
 -0.000642 -0.000635  
-0.000046 -0.024799 6.486613
 -0.000425 -0.010867 
 -0.039199 -0.058086 