# Generated by CPD for CNES on 03/12/2024 with SMACCOEFF new version. 
0.000000000000 0.000000000000 -0.000813250800 -0.002829067000 -0.012605870000 -0.012182110000 -0.004891700000 -0.029865930000 -0.000300511900 -0.633350100000 -2.997230000000 -0.000639193100 -0.017889810000
0.000000000000 0.000000000000 0.908334000000 0.775929700000 0.787909100000 0.768074900000 0.771620400000 0.589913900000 0.919738800000 0.480679200000 0.416035400000 0.953104900000 0.675225300000
-0.002681070000 -0.021958770000 -0.099470880000 -0.047953980000 -0.019307280000 -0.010792390000 0.000000000000 0.000000000000 0.000000000000 0.000000000000 0.000000000000 0.000000000000 0.000000000000
1.000054000000 0.995298100000 0.998839100000 0.999032900000 0.999921900000 1.000020000000 0.000000000000 0.000000000000 0.000000000000 0.000000000000 0.000000000000 0.000000000000 0.000000000000
0.000000000000 0.000000000000 0.000000000000 -0.000143137000 -0.000012285800 -0.000070130240 -0.000113939100 -0.000031702230 -0.000030531820 0.000000000000 0.000000000000 0.000000000000 0.000000000000
0.000000000000 0.000000000000 0.000000000000 0.464921600000 0.786558400000 0.314964600000 0.764932300000 0.529556700000 1.023145000000 0.000000000000 0.000000000000 0.000000000000 0.000000000000
0.000000000000 0.000000000000 0.000000000000 1.904119000000 1.376459000000 2.347251000000 2.620329000000 2.306027000000 2.706208000000 0.000000000000 0.000000000000 0.000000000000 0.000000000000
0.000000000000 0.000000000000 0.000000000000 0.000000000000 0.000000000000 0.000000000000 0.000000000000 0.000000000000 0.000000000000 0.000000000000 -0.000004971211 -0.016435760000 -0.001212754000
0.000000000000 0.000000000000 0.000000000000 0.000000000000 0.000000000000 0.000000000000 0.000000000000 0.000000000000 0.000000000000 0.000000000000 1.244042000000 0.744343000000 0.743138200000
0.000000000000 0.000000000000 0.000000000000 0.000000000000 0.000000000000 0.000000000000 0.000000000000 0.000000000000 0.000000000000 0.000000000000 0.670470200000 1.350402000000 1.852557000000
0.000000000000 0.000000000000 0.000000000000 0.000000000000 0.000000000000 0.000000000000 0.000000000000 0.000000000000 0.000000000000 0.000000000000 0.000000000000 -0.003748791000 -0.017482780000
0.000000000000 0.000000000000 0.000000000000 0.000000000000 0.000000000000 0.000000000000 0.000000000000 0.000000000000 0.000000000000 0.000000000000 0.000000000000 0.876593800000 0.812461100000
0.000000000000 0.000000000000 0.000000000000 0.000000000000 0.000000000000 0.000000000000 0.000000000000 0.000000000000 0.000000000000 0.000000000000 0.000000000000 1.129460000000 1.209035000000
0.000000000000 0.000000000000 0.000000000000 0.000000000000 0.000000000000 0.000000000000 0.000000000000 0.000000000000 0.000000000000 0.000000000000 0.000000000000 0.000000000000 -0.001877932000
0.000000000000 0.000000000000 0.000000000000 0.000000000000 0.000000000000 0.000000000000 0.000000000000 0.000000000000 0.000000000000 0.000000000000 0.000000000000 0.000000000000 0.950089900000
0.000000000000 0.000000000000 0.000000000000 0.000000000000 0.000000000000 0.000000000000 0.000000000000 0.000000000000 0.000000000000 0.000000000000 0.000000000000 0.000000000000 1.025840000000
0.000000000000 0.000000000000 0.000000000000 0.000000000000 0.000000000000 0.000000000000 0.000000000000 0.000000000000 0.000000000000 0.000000000000 0.000000000000 0.000000000000 0.000000000000
0.000000000000 0.000000000000 0.000000000000 0.000000000000 0.000000000000 0.000000000000 0.000000000000 0.000000000000 0.000000000000 0.000000000000 0.000000000000 0.000000000000 0.000000000000
0.000000000000 0.000000000000 0.000000000000 0.000000000000 0.000000000000 0.000000000000 0.000000000000 0.000000000000 0.000000000000 0.000000000000 0.000000000000 0.000000000000 0.000000000000
0.093153590000 0.071574700000 0.045656580000 0.025166590000 0.020442520000 0.017431800000 0.014249130000 0.011640530000 0.009929623000 0.008219557000 0.003701152000 0.002272354000 0.000087227280
0.179207100000 0.200148900000 0.212456800000 0.207166700000 0.199524200000 0.191349900000 0.181094600000 0.170451200000 0.163179000000 0.147548000000 0.094026580000 0.073725100000 0.039141100000
-0.076915180000 -0.082541140000 -0.085602770000 -0.079693450000 -0.076178050000 -0.073109070000 -0.068956060000 -0.064379030000 -0.061202120000 -0.054528100000 -0.031209030000 -0.022668330000 -0.009565651000
0.069501750000 0.049851440000 0.030253650000 0.016520560000 0.013465760000 0.011474140000 0.009441709000 0.007784928000 0.006732824000 0.004640018000 0.000216611900 -0.000215047900 0.000227581800
1.101090000000 1.110387000000 1.108360000000 1.098189000000 1.092998000000 1.088663000000 1.083202000000 1.077586000000 1.073634000000 1.068240000000 1.043655000000 1.033286000000 1.018547000000
-0.220769200000 -0.217458300000 -0.208039100000 -0.186889700000 -0.180742700000 -0.176141000000 -0.170436100000 -0.164490700000 -0.160392900000 -0.151723000000 -0.114136400000 -0.095728130000 -0.053490520000
-0.186066300000 -0.135495000000 -0.083622160000 -0.044801720000 -0.036297840000 -0.031806470000 -0.026259580000 -0.020838070000 -0.017003180000 -0.014351550000 -0.003159820000 0.000263258900 -0.000708488200
-0.263587900000 -0.250033000000 -0.221381000000 -0.187367300000 -0.175053000000 -0.165794200000 -0.154278600000 -0.142662800000 -0.134510700000 -0.124320800000 -0.079274770000 -0.060370890000 -0.032149310000
0.233940000000 0.161110000000 0.090570000000 0.044770000000 0.035190000000 0.029110000000 0.023120000000 0.018470000000 0.015550000000 0.010830000000 0.002440000000 0.001290000000 0.000380000000
0.167360000000 0.124880000000 0.076900000000 0.040710000000 0.032520000000 0.027150000000 0.021800000000 0.017590000000 0.014920000000 0.010450000000 0.002410000000 0.001280000000 0.000380000000
0.000003500000 -0.000000250000 -0.000001000000 0.000000000000 0.000000000000 0.000003000000 0.000000000000 -0.000001000000 -0.000001500000 0.000001000000 0.000000250000 -0.000001000000 -0.000001000000
1.258781000000 1.142158000000 0.978290600000 0.797738200000 0.742061800000 0.698498800000 0.649000000000 0.602846500000 0.572084400000 0.511953500000 0.324174400000 0.260949400000 0.158046500000
0.900250000000 0.899040000000 0.891430000000 0.884040000000 0.876900000000 0.868490000000 0.858380000000 0.848530000000 0.841290000000 0.826470000000 0.768170000000 0.752560000000 0.761360000000
0.642970000000 0.640100000000 0.636580000000 0.631780000000 0.630770000000 0.631090000000 0.631490000000 0.631980000000 0.632300000000 0.633840000000 0.641880000000 0.655030000000 0.732090000000
6.776038100000 6.792508000000 6.796924500000 6.780396000000 6.751635600000 6.708423800000 6.657049300000 6.602753300000 6.567338500000 6.423909500000 5.849637700000 5.531867200000 4.635076800000
-0.191080940000 -0.191015900000 -0.190194760000 -0.188596950000 -0.187254320000 -0.185502060000 -0.183439920000 -0.181289780000 -0.179875460000 -0.174868090000 -0.154786010000 -0.146492030000 -0.129967620000
0.002093230100 0.002086461300 0.002066324600 0.002036952000 0.002016216500 0.001990477500 0.001960473000 0.001929353500 0.001908781200 0.001842345200 0.001575182100 0.001489577100 0.001401697400
-0.000010325293 -0.000010256768 -0.000010092477 -0.000009884798 -0.000009749714 -0.000009586241 -0.000009396944 -0.000009201271 -0.000009071448 -0.000008680823 -0.000007106039 -0.000006694930 -0.000006688590
0.000000019455 0.000000019250 0.000000018798 0.000000018284 0.000000017965 0.000000017585 0.000000017146 0.000000016694 0.000000016394 0.000000015545 0.000000012119 0.000000011338 0.000000011971
-0.004950000000 -0.003113000000 -0.001089000000 -0.000157000000 -0.000027000000 0.000049000000 0.000068000000 0.000053000000 0.000032000000 0.000235000000 0.000097000000 -0.000120000000 -0.000175000000
-0.008568000000 -0.006407000000 -0.004023000000 -0.002099000000 -0.001609000000 -0.001628000000 -0.001479000000 -0.001226000000 -0.000957000000 -0.001801000000 -0.001350000000 -0.000829000000 -0.000180000000
-0.007820000000 -0.006609000000 -0.004876000000 -0.003200000000 -0.002530000000 -0.002352000000 -0.001963000000 -0.001495000000 -0.000971000000 -0.002787000000 -0.003762000000 -0.003009000000 0.000036000000
-0.001106000000 -0.001074000000 -0.000997000000 -0.001056000000 -0.000984000000 -0.000929000000 -0.000758000000 -0.000521000000 -0.000212000000 -0.001489000000 -0.003659000000 -0.003339000000 0.003090000000
-0.013703000000 -0.006538000000 -0.002045000000 -0.000523000000 -0.000326000000 -0.000235000000 -0.000155000000 -0.000101000000 -0.000068000000 -0.000042000000 -0.000007000000 0.000156000000 0.000078000000
0.026151000000 0.013188000000 0.003587000000 0.000442000000 -0.000075000000 -0.000214000000 -0.000193000000 -0.000356000000 -0.000282000000 -0.000131000000 0.000867000000 -0.171989000000 -0.292643000000
0.020744000000 0.022916000000 0.023696000000 0.021709000000 0.021504000000 0.022930000000 0.020969000000 0.019747000000 0.015981000000 0.017092000000 -0.095774000000 33.289420000000 191.396932000000
-0.004053000000 -0.003758000000 -0.003209000000 -0.002554000000 -0.002297000000 -0.002077000000 -0.001834000000 -0.001617000000 -0.001474000000 -0.001197000000 -0.000491000000 -0.000330000000 -0.000129000000
-0.012765000000 -0.013098000000 -0.013456000000 -0.013322000000 -0.013178000000 -0.013023000000 -0.012796000000 -0.012508000000 -0.012287000000 -0.011581000000 -0.008695000000 -0.007884000000 -0.006492000000
-0.012234000000 -0.014004000000 -0.016669000000 -0.020209000000 -0.021130000000 -0.021797000000 -0.022518000000 -0.023170000000 -0.023497000000 -0.024315000000 -0.025252000000 -0.028035000000 -0.050340000000
-0.003950000000 -0.004965000000 -0.006878000000 -0.010206000000 -0.011482000000 -0.012600000000 -0.014035000000 -0.015580000000 -0.016673000000 -0.019330000000 -0.032009000000 -0.043954000000 -0.126351000000
