 -0.002445 0.779938 
 -0.076394 0.992123 
 -0.001013 0.521077  1.813596
 0.000000 0.000000 0.000000
 0.000000 0.000000 0.000000
 0.000000 0.000000 0.000000
 0.000000 0.000000 0.000000
 0.043018 0.210534 -0.082647 0.029684 
 1.104286 -0.205811 -0.079127 -0.210167 
 0.086670 0.072938 
 1.750000e-07 0.949458 
 0.891845 0.635680 
           6.75754805085919e+00          -1.88838978425974e-01           2.05149943007124e-03
          -1.00275588019923e-05           1.87018209301818e-08 
 -0.000447 -0.000974 
 -0.001485 -0.000020  
-0.001696 0.002495 0.018892
 -0.001939 -0.008591 
 -0.012402 -0.005920 