 -0.002861 0.803278 
 -0.063179 0.995126 
 -0.006569 0.477551  1.847233
 0.000000 0.000000 0.000000
 0.000000 0.000000 0.000000
 0.000000 0.000000 0.000000
 0.000000 0.000000 0.000000
 0.027570 0.233462 -0.083332 0.019331 
 1.112881 -0.168327 -0.047665 -0.213119 
 0.048670 0.043955 
 2.500000e-08 0.947297 
 0.936240 0.703328 
           6.74499853512429e+00          -2.05887773400731e-01           2.47871241511966e-03
          -1.36387352423723e-05           2.88678329803659e-08 
 -0.001686 -0.009536 
 -0.009060 -0.001862  
-0.000232 -0.004805 0.026675
 -0.008583 -0.036112 
 -0.046772 -0.015186 