 -0.019233 0.675979
 0.000000 0.000000
 0.000000 0.000000 0.000000
 -0.001205 0.868527 1.909069
 -0.015286 0.824871 1.203808
 -0.001709 0.948952 1.023099
 0.000000 0.000000 0.000000
 0.000095 0.039312 -0.009624 0.000226
 1.018656 -0.053783 -0.000703 -0.032351
 0.000380 0.000380
 -0.000000e+00 0.158600
 0.761280 0.731500
 4.64102930000000e+00 -1.30092110000000e-01 1.40260290000000e-03
 -6.69094000000000e-06 1.19720000000000e-08
 -0.000177 -0.000206
 -0.000108 0.002818
 0.000081 -0.305588 196.911541
 -0.000130 -0.006513
 -0.050211 -0.125589
