 -0.003197 0.717339 
 0.000000 0.000000 
 0.000000 0.000000  0.000000
 -0.009928 0.745719 1.351995
 -0.006052 0.869554 1.116675
 0.000000 0.000000 0.000000
 0.000000 0.000000 0.000000
 0.002175 0.073652 -0.023138 -0.000287 
 1.031512 -0.092962 0.000164 -0.057764 
 0.001222 0.001216 
 5.000000e-08 0.255417 
 0.752940 0.657940 
           5.45508729015841e+00          -1.44689909553302e-01           1.47574525581408e-03
          -6.66065596922198e-06           1.13356791330579e-08 
  0.0       0.0      
  0.0       0.0       
  0.0       0.0        0.0
 -0.000430 -0.010966 
 -0.038933 -0.057044 
