 -0.003863 0.751804 
 -0.056975 0.993836 
 -0.010295 0.482913  1.914241
 0.000000 0.000000 0.000000
 0.000000 0.000000 0.000000
 0.000000 0.000000 0.000000
 0.000000 0.000000 0.000000
 0.026017 0.205199 -0.078709 0.019180 
 1.098634 -0.188313 -0.046226 -0.188995 
 0.046985 0.042538 
 -3.000000e-07 0.807830 
 0.884938 0.632071 
           6.74705492738626e+00          -1.87645344313529e-01           2.02863991014266e-03
          -9.86158367916222e-06           1.82819667982266e-08 
 -0.001666 -0.009983 
 -0.011313 -0.003268  
-0.000218 -0.004725 0.026729
 -0.006867 -0.035390 
 -0.044376 -0.017321 