 -0.004508 0.734850 
 -0.063871 0.992350 
 -0.006051 0.487990  1.881751
 0.000000 0.000000 0.000000
 0.000000 0.000000 0.000000
 0.000000 0.000000 0.000000
 0.000000 0.000000 0.000000
 0.027649 0.233378 -0.083355 0.019373 
 1.112935 -0.168227 -0.047889 -0.213288 
 0.048827 0.044047 
 1.110223e-16 0.946960 
 0.936236 0.703331 
           6.74507948171913e+00          -2.05884160519027e-01           2.47858915925330e-03
          -1.36375978833163e-05           2.88644846611995e-08 
 -0.001674 -0.009551 
 -0.009078 -0.001863  
-0.000241 -0.004756 0.026894
 -0.008579 -0.036110 
 -0.046787 -0.015197 