 -0.000746 0.898656 
 0.000000 0.000000 
 -0.000029 0.996029  2.772130
 0.000000 0.000000 0.000000
 0.000000 0.000000 0.000000
 0.000000 0.000000 0.000000
 0.000000 0.000000 0.000000
 0.010013 0.246467 -0.088232 0.009395 
 1.103655 -0.154419 -0.016796 -0.188556 
 0.015776 0.015138 
 2.500000e-08 0.847012 
 0.943052 0.695964 
           6.88035760518468e+00          -2.07914843711246e-01           2.47191752776793e-03
          -1.34018624932423e-05           2.79214318120305e-08 
 -0.000272 -0.003879 
 -0.004191 -0.001133  
-0.000018 -0.002735 0.027024
 -0.008479 -0.039243 
 -0.056372 -0.020500 