 -0.003783 0.757385 
 -0.058332 0.993742 
 -0.009818 0.483589  1.911879
 0.000000 0.000000 0.000000
 0.000000 0.000000 0.000000
 0.000000 0.000000 0.000000
 0.000000 0.000000 0.000000
 0.026206 0.205315 -0.078752 0.019333 
 1.098800 -0.188557 -0.046588 -0.189434 
 0.047400 0.042882 
 1.000000e-07 0.809855 
 0.885110 0.632124 
           6.74755289721515e+00          -1.87674888670973e-01           2.02913238999940e-03
          -9.86492366454419e-06           1.82900727897335e-08 
 -0.001691 -0.010062 
 -0.011375 -0.003273  
-0.000222 -0.004747 0.026775
 -0.006891 -0.035415 
 -0.044294 -0.017244 