 0.000000 0.000000 
 -0.005776 0.998484 
 0.000000 0.000000  0.000000
 0.000000 0.000000 0.000000
 0.000000 0.000000 0.000000
 0.000000 0.000000 0.000000
 0.000000 0.000000 0.000000
 0.085780 0.185782 -0.077021 0.064027 
 1.104279 -0.226458 -0.171218 -0.252407 
 0.209098 0.153373 
 2.500000e-08 1.222254 
 0.899940 0.642057 
           6.74405553879627e+00          -1.89950403015516e-01           2.08077370618516e-03
          -1.02695619060126e-05           1.93653587609835e-08 
 -0.012784 -0.029009 
 -0.020128 -0.002848  
-0.006638 0.008786 0.020611
 -0.010945 -0.035939 
 -0.029041 -0.007336 