 -0.002853 0.771222 
 0.000000 0.000000 
 0.000000 0.000000  0.000000
 -0.011046 0.738523 1.362145
 -0.004874 0.873785 1.110965
 0.000000 0.000000 0.000000
 0.000000 0.000000 0.000000
 0.000913 0.201886 -0.064079 0.003567 
 1.086971 -0.109945 -0.001651 -0.153901 
 0.001253 0.001246 
 3.000000e-07 0.575570 
 0.952404 0.678539 
           7.09535492794830e+00          -2.09027032572333e-01           2.41223998783545e-03
          -1.26381494509916e-05           2.53849795033029e-08 
 0.000000 0.000000 
 0.000000 0.000000  
 0.000000 0.000000  0.000000
 -0.006292 -0.042532 
 -0.088512 -0.047451 