 -0.004749 0.772886 
 -0.054621 0.999364 
 -0.000150 0.462857  1.934409
 0.000000 0.000000 0.000000
 0.000000 0.000000 0.000000
 0.000000 0.000000 0.000000
 0.000000 0.000000 0.000000
 0.026198 0.210652 -0.081942 0.017286 
 1.096863 -0.189024 -0.046528 -0.184530 
 0.046567 0.042222 
 -1.500000e-07 0.807103 
 0.884957 0.632054 
           6.74769162252778e+00          -1.87665292000104e-01           2.02888791146956e-03
          -9.86298120757316e-06           1.82849699785934e-08 
 -0.001624 -0.009889 
 -0.011198 -0.003246  
-0.000210 -0.004726 0.026485
 -0.006869 -0.035430 
 -0.044471 -0.017370 