 -0.028004 0.594404
 0.000000 0.000000
 -0.000009 0.327155 13.084790
 0.000000 0.000000 0.000000
 0.000000 0.000000 0.000000
 0.000000 0.000000 0.000000
 0.000000 0.000000 0.000000
 0.011729 0.170831 -0.064543 0.007845
 1.077783 -0.164703 -0.021024 -0.143068
 0.018640 0.017740
 -1.500000e-06 0.604486
 0.848900 0.631960
 6.60479500000000e+00 -1.81369460000000e-01 1.93049690000000e-03
 -9.20841700000000e-06 1.67110000000000e-08
 0.000054 -0.001228
 -0.001500 -0.000524
 -0.000103 -0.000173 0.018467
 -0.001625 -0.012518
 -0.023145 -0.015520
