 -0.001482 0.778133 
 -0.075693 0.993272 
 0.000000 0.000000  0.000000
 0.000000 0.000000 0.000000
 0.000000 0.000000 0.000000
 0.000000 0.000000 0.000000
 0.000000 0.000000 0.000000
 0.053492 0.197142 -0.067708 0.035347 
 1.124383 -0.170959 -0.094674 -0.248108 
 0.104830 0.086994 
 3.330669e-16 1.002454 
 0.930552 0.708442 
           6.63826401457078e+00          -2.03893636606881e-01           2.47451115363966e-03
          -1.37472190074799e-05           2.93988660804290e-08 
 -0.000146 -0.000179 
 -0.000913 0.000536  
-0.002220 0.002778 0.017302
 -0.002138 -0.009963 
 -0.024451 -0.009867 