 -0.000388 0.917095
 0.000000 0.000000
 -0.000030 1.010658 2.725621
 0.000000 0.000000 0.000000
 0.000000 0.000000 0.000000
 0.000000 0.000000 0.000000
 0.000000 0.000000 0.000000
 0.009955 0.163353 -0.061274 0.006761
 1.073706 -0.160491 -0.017054 -0.134652
 0.015610 0.014980
 0.000000e+00 0.572800
 0.841460 0.632290
 6.56867900000000e+00 -1.79923820000000e-01 1.90943990000000e-03
 -9.07540400000000e-06 1.64030000000000e-08
 0.000029 -0.000955
 -0.000969 -0.000211
 -0.000070 -0.000310 0.016414
 -0.001478 -0.012297
 -0.023493 -0.016648
