 -0.000568 0.950103 
 0.000000 0.000000 
 0.000000 0.000000  0.000000
 -0.016372 0.731751 1.395295
 -0.001280 0.928224 1.226675
 0.000000 0.000000 0.000000
 0.000000 0.000000 0.000000
 0.000948 0.203008 -0.064586 0.003615 
 1.087337 -0.110657 -0.001677 -0.154582 
 0.001298 0.001291 
 5.000000e-08 0.580185 
 0.952336 0.678817 
           7.09351798590641e+00          -2.09066577939961e-01           2.41388733403748e-03
          -1.26537173107380e-05           2.54307846715468e-08 
 -0.000044 -0.000495 
 -0.000867 -0.000426  
-0.000031 -0.020842 4.703367
 -0.006350 -0.042581 
 -0.087918 -0.046750 