 -0.029639 0.542509 
 -0.001079 0.995907 
 -0.028753 0.346759  2.215326
 0.000000 0.000000 0.000000
 0.000000 0.000000 0.000000
 0.000000 0.000000 0.000000
 0.000000 0.000000 0.000000
 0.012434 0.173815 -0.066655 0.009207 
 1.078499 -0.165603 -0.022342 -0.145309 
 0.019934 0.018897 
 1.665335e-16 0.616120 
 0.851665 0.631873 
           6.58017221618756e+00          -1.80727089295609e-01           1.92642466352533e-03
          -9.21109959886493e-06           1.67675035869152e-08 
 -0.000242 -0.004685 
 -0.006812 -0.002840  
-0.000037 -0.003216 0.029775
 -0.004123 -0.029823 
 -0.048345 -0.025467 