 -0.003197 0.717339 
 0.000000 0.000000 
 0.000000 0.000000  0.000000
 -0.009932 0.745312 1.353511
 -0.006056 0.868636 1.114197
 0.000000 0.000000 0.000000
 0.000000 0.000000 0.000000
 0.000892 0.201217 -0.063776 0.003538 
 1.086760 -0.109531 -0.001638 -0.153507 
 0.001222 0.001216 
 1.942890e-16 0.572784 
 0.952445 0.678383 
           7.09627878843131e+00          -2.08998292650524e-01           2.41119936999674e-03
          -1.26285862188062e-05           2.53571987174424e-08 
  0.0       0.0      
  0.0       0.0       
  0.0       0.0        0.0
 -0.006258 -0.042508 
 -0.088887 -0.047887 
