 -0.003195 0.783447 
 -0.055518 0.995636 
 -0.010580 0.479349  1.916618
 0.000000 0.000000 0.000000
 0.000000 0.000000 0.000000
 0.000000 0.000000 0.000000
 0.000000 0.000000 0.000000
 0.025882 0.205288 -0.078730 0.019063 
 1.098588 -0.188160 -0.045932 -0.188786 
 0.046664 0.042287 
 3.330669e-16 0.806726 
 0.884940 0.632026 
           6.74743310482456e+00          -1.87652139477773e-01           2.02868237326944e-03
          -9.86164032064467e-06           1.82817852114625e-08 
 -0.001648 -0.009918 
 -0.011248 -0.003257  
-0.000216 -0.004654 0.026345
 -0.006861 -0.035409 
 -0.044464 -0.017377 