 -0.086077 0.427411 
 -0.001844 0.994349 
 -0.015113 0.341863  2.220013
 0.000000 0.000000 0.000000
 0.000000 0.000000 0.000000
 0.000000 0.000000 0.000000
 0.000000 0.000000 0.000000
 0.011744 0.169408 -0.064732 0.008698 
 1.076667 -0.163038 -0.021250 -0.141723 
 0.018630 0.017664 
 7.500000e-08 0.598851 
 0.848355 0.632263 
           6.54362684328520e+00          -1.79423897344731e-01           1.90884911091835e-03
          -9.10636473147536e-06           1.65371332319135e-08 
 -0.000162 -0.004494 
 -0.006711 -0.002914  
-0.000035 -0.003185 0.031653
 -0.003885 -0.028998 
 -0.048361 -0.026319 