 -0.677286 0.477175
 0.000000 0.000000
 0.000000 0.000000 0.000000
 0.000000 0.000000 0.000000
 0.000000 0.000000 0.000000
 0.000000 0.000000 0.000000
 0.000000 0.000000 0.000000
 0.008256 0.147929 -0.054690 0.004690
 1.068380 -0.151945 -0.014418 -0.124585
 0.010930 0.010550
 -0.000000e+00 0.513400
 0.826840 0.633800
 6.42750770000000e+00 -1.74993860000000e-01 1.84401860000000e-03
 -8.69069100000000e-06 1.55670000000000e-08
 0.000232 -0.001789
 -0.002758 -0.001466
 -0.000042 -0.000235 0.019789
 -0.001203 -0.011600
 -0.024300 -0.019262
