 -0.025375 0.575457 
 -0.000109 0.996005 
 -0.003372 0.389581  2.242204
 0.000000 0.000000 0.000000
 0.000000 0.000000 0.000000
 0.000000 0.000000 0.000000
 0.000000 0.000000 0.000000
 0.011693 0.171200 -0.065552 0.008717 
 1.076981 -0.164039 -0.020828 -0.142195 
 0.018634 0.017728 
 -7.500000e-08 0.603969 
 0.848847 0.631979 
           6.56755908288053e+00          -1.80213375994458e-01           1.91887017702537e-03
          -9.16307767181057e-06           1.66556197074794e-08 
 -0.000205 -0.004368 
 -0.006472 -0.002762  
-0.000030 -0.003104 0.029347
 -0.003959 -0.029421 
 -0.048549 -0.026140 