 -0.092595 0.421949 
 -0.001804 0.994371 
 -0.014535 0.341757  2.220101
 0.000000 0.000000 0.000000
 0.000000 0.000000 0.000000
 0.000000 0.000000 0.000000
 0.000000 0.000000 0.000000
 0.011927 0.244769 -0.088062 0.010222 
 1.104526 -0.155180 -0.020707 -0.190962 
 0.018274 0.017333 
 -1.000000e-07 0.851255 
 0.942268 0.696765 
           6.86326849715102e+00          -2.07493293688042e-01           2.46870351723320e-03
          -1.33978046055489e-05           2.79463791314459e-08 
 -0.000023 -0.004426 
 -0.004646 -0.001247  
-0.000031 -0.003305 0.033576
 -0.008399 -0.038754 
 -0.055493 -0.020104 