 -0.081584 0.438393 
 -0.003108 0.993675 
 -0.015035 0.341566  2.219431
 0.000000 0.000000 0.000000
 0.000000 0.000000 0.000000
 0.000000 0.000000 0.000000
 0.000000 0.000000 0.000000
 0.012799 0.244678 -0.088169 0.010692 
 1.105056 -0.156215 -0.022221 -0.192296 
 0.019868 0.018772 
 1.750000e-07 0.858451 
 0.941851 0.697256 
           6.85539440628189e+00          -2.07400736014626e-01           2.46971244187248e-03
          -1.34166278563627e-05           2.80153068199419e-08 
 -0.000098 -0.004734 
 -0.004923 -0.001289  
-0.000039 -0.003384 0.032704
 -0.008420 -0.038563 
 -0.054784 -0.019678 