 -0.000599 0.885085 
 -0.098914 0.999184 
 0.000000 0.000000  0.000000
 0.000000 0.000000 0.000000
 0.000000 0.000000 0.000000
 0.000000 0.000000 0.000000
 0.000000 0.000000 0.000000
 0.047465 0.204920 -0.070211 0.031827 
 1.122163 -0.171361 -0.083698 -0.240695 
 0.090834 0.077121 
 1.000000e-07 0.994565 
 0.931580 0.707521 
           6.65675940084897e+00          -2.04269298087115e-01           2.47598496965690e-03
          -1.37346450247266e-05           2.93241796467379e-08 
 -0.003590 -0.015082 
 -0.013766 -0.002395  
-0.000946 -0.004461 0.024952
 -0.008384 -0.034122 
 -0.042316 -0.013080 