 -0.004071 0.765951
 0.000000 0.000000
 -0.000130 0.951291 2.854805
 0.000000 0.000000 0.000000
 0.000000 0.000000 0.000000
 0.000000 0.000000 0.000000
 0.000000 0.000000 0.000000
 0.014373 0.181535 -0.069138 0.009523
 1.083440 -0.170683 -0.026499 -0.154777
 0.023350 0.022000
 -1.000000e-06 0.651048
 0.858810 0.631470
 6.65919300000000e+00 -1.83526740000000e-01 1.96174650000000e-03
 -9.40502300000000e-06 1.71650000000000e-08
 0.000068 -0.001495
 -0.001991 -0.000771
 -0.000155 -0.000277 0.022199
 -0.001844 -0.012808
 -0.022491 -0.013971
