 -0.001497 0.779942 
 -0.077071 0.993695 
 0.000000 0.000000 0.000000
 0.000000 0.000000 0.000000
 0.000000 0.000000 0.000000
 0.000000 0.000000 0.000000
 0.000000 0.000000 0.000000
 0.050339 0.210173 -0.082723 0.035106 
 1.107581 -0.213571 -0.093074 -0.221297 
 0.103917 0.086367 
 -1.500000e-07 1.012483 
 0.893908 0.637282 
           6.76100915026757e+00          -1.89321349733741e-01           2.06095014694383e-03
          -1.00967242090379e-05           1.88771969435879e-08 
 -0.000654 -0.001276 
 -0.002123 -0.000198  
-0.002179 0.002695 0.017192
 -0.002088 -0.008514 
 -0.011539 -0.005175 
