 -0.003942 0.771893 
 -0.083211 0.993764 
 -0.000827 0.591046  1.657154
 0.000000 0.000000 0.000000
 0.000000 0.000000 0.000000
 0.000000 0.000000 0.000000
 0.000000 0.000000 0.000000
 0.030867 0.229296 -0.081496 0.021339 
 1.114530 -0.169111 -0.053888 -0.217897 
 0.055300 0.049329 
 2.775558e-16 0.956580 
 0.935363 0.704088 
           6.72834487156201e+00          -2.05586931239229e-01           2.47830487324874e-03
          -1.36576852155135e-05           2.89562408166599e-08 
 -0.001913 -0.010462 
 -0.009846 -0.001961  
-0.000323 -0.004816 0.027009
 -0.008551 -0.035729 
 -0.045865 -0.014745 