#Generated by XLT for CNES on 29/07/2022 with SMACCOEF new version. Processing done with TETAV_MAX = 30
0.000000000000 0.000000000000 -0.000711718600 -0.003153966000 -0.014187150000 -0.016829220000 -0.002278170000 -0.028049340000 -0.000471526600 -0.686178000000 -2.876521000000 -0.000638110800 -0.019228450000
0.000000000000 0.000000000000 0.905537000000 0.778624300000 0.766747500000 0.756612000000 0.778519500000 0.594059900000 0.913765100000 0.476606400000 0.416320900000 0.954101800000 0.675987200000
-0.002453246000 -0.024135530000 -0.097324870000 -0.049521090000 -0.020453950000 -0.010933950000 -0.000071052940 0.000000000000 0.000000000000 0.000000000000 0.000000000000 0.000000000000 0.000000000000
0.999901000000 0.995293800000 0.998770600000 0.999069700000 0.999935300000 1.000009000000 0.999704000000 0.000000000000 0.000000000000 0.000000000000 0.000000000000 0.000000000000 0.000000000000
0.000000000000 0.000000000000 0.000000000000 0.000000000000 -0.000035933700 0.000000000000 -0.001511272000 -0.000009135529 -0.000029828330 0.000000000000 0.000000000000 0.000000000000 0.000000000000
0.000000000000 0.000000000000 0.000000000000 0.000000000000 0.828060100000 0.000000000000 0.702167000000 0.284348100000 1.012499000000 0.000000000000 0.000000000000 0.000000000000 0.000000000000
0.000000000000 0.000000000000 0.000000000000 0.000000000000 2.319487000000 0.000000000000 2.627359000000 15.611230000000 2.724062000000 0.000000000000 0.000000000000 0.000000000000 0.000000000000
0.000000000000 0.000000000000 0.000000000000 0.000000000000 0.000000000000 0.000000000000 0.000000000000 0.000000000000 0.000000000000 0.000000000000 -0.000005632074 -0.016679250000 -0.001217787000
0.000000000000 0.000000000000 0.000000000000 0.000000000000 0.000000000000 0.000000000000 0.000000000000 0.000000000000 0.000000000000 0.000000000000 1.193602000000 0.743810600000 0.866552600000
0.000000000000 0.000000000000 0.000000000000 0.000000000000 0.000000000000 0.000000000000 0.000000000000 0.000000000000 0.000000000000 0.000000000000 0.738284700000 1.353914000000 1.908934000000
0.000000000000 0.000000000000 0.000000000000 0.000000000000 0.000000000000 0.000000000000 0.000000000000 0.000000000000 0.000000000000 0.000000000000 0.000000000000 -0.003453638000 -0.015288230000
0.000000000000 0.000000000000 0.000000000000 0.000000000000 0.000000000000 0.000000000000 0.000000000000 0.000000000000 0.000000000000 0.000000000000 0.000000000000 0.877543900000 0.824875000000
0.000000000000 0.000000000000 0.000000000000 0.000000000000 0.000000000000 0.000000000000 0.000000000000 0.000000000000 0.000000000000 0.000000000000 0.000000000000 1.131889000000 1.203753000000
0.000000000000 0.000000000000 0.000000000000 0.000000000000 0.000000000000 0.000000000000 0.000000000000 0.000000000000 0.000000000000 0.000000000000 0.000000000000 0.000000000000 -0.001708038000
0.000000000000 0.000000000000 0.000000000000 0.000000000000 0.000000000000 0.000000000000 0.000000000000 0.000000000000 0.000000000000 0.000000000000 0.000000000000 0.000000000000 0.948847300000
0.000000000000 0.000000000000 0.000000000000 0.000000000000 0.000000000000 0.000000000000 0.000000000000 0.000000000000 0.000000000000 0.000000000000 0.000000000000 0.000000000000 1.023117000000
0.000000000000 0.000000000000 0.000000000000 0.000000000000 0.000000000000 0.000000000000 0.000000000000 0.000000000000 0.000000000000 0.000000000000 0.000000000000 0.000000000000 0.000000000000
0.000000000000 0.000000000000 0.000000000000 0.000000000000 0.000000000000 0.000000000000 0.000000000000 0.000000000000 0.000000000000 0.000000000000 0.000000000000 0.000000000000 0.000000000000
0.000000000000 0.000000000000 0.000000000000 0.000000000000 0.000000000000 0.000000000000 0.000000000000 0.000000000000 0.000000000000 0.000000000000 0.000000000000 0.000000000000 0.000000000000
0.094289070000 0.070119060000 0.046113740000 0.025376370000 0.020752070000 0.017591990000 0.014574610000 0.011728870000 0.009981286000 0.008290360000 0.003672207000 0.002286564000 0.000095472790
0.177721000000 0.201287400000 0.212319600000 0.207405200000 0.200294300000 0.191820600000 0.182235500000 0.170831400000 0.163510400000 0.148259300000 0.093601180000 0.073879670000 0.039311530000
-0.076356620000 -0.082806110000 -0.085577470000 -0.079815650000 -0.076447480000 -0.073296740000 -0.069430410000 -0.064543150000 -0.061345060000 -0.054829740000 -0.031018640000 -0.022731270000 -0.009623950000
0.070615900000 0.048616090000 0.030576240000 0.016658980000 0.013680580000 0.011574440000 0.009648965000 0.007844690000 0.006778897000 0.004729876000 0.000198234700 -0.000219380200 0.000225908200
1.100507000000 1.110777000000 1.108492000000 1.098391000000 1.093413000000 1.088909000000 1.083816000000 1.077784000000 1.073768000000 1.068500000000 1.043406000000 1.033331000000 1.018656000000
-0.220864100000 -0.217127200000 -0.208371200000 -0.187141500000 -0.181186400000 -0.176401500000 -0.171071100000 -0.164703000000 -0.160574300000 -0.152136700000 -0.113771300000 -0.095862680000 -0.053783430000
-0.188409200000 -0.132134400000 -0.084414380000 -0.045193950000 -0.036732410000 -0.032058710000 -0.026877080000 -0.021024340000 -0.017098150000 -0.014477070000 -0.003051541000 0.000265497100 -0.000702849000
-0.264102800000 -0.248878900000 -0.221970500000 -0.187870600000 -0.175944900000 -0.166317700000 -0.155563700000 -0.143068700000 -0.134774600000 -0.124809300000 -0.078827730000 -0.060458760000 -0.032350500000
0.238180000000 0.156590000000 0.091690000000 0.045200000000 0.035850000000 0.029420000000 0.023710000000 0.018640000000 0.015660000000 0.011010000000 0.002410000000 0.001290000000 0.000380000000
0.169680000000 0.122090000000 0.077740000000 0.041080000000 0.033100000000 0.027420000000 0.022330000000 0.017740000000 0.015030000000 0.010630000000 0.002380000000 0.001280000000 0.000380000000
0.000000750000 0.000003000000 0.000000000000 -0.000000000000 -0.000000500000 -0.000001500000 -0.000001750000 -0.000001500000 -0.000003000000 0.000001000000 0.000001250000 0.000000000000 -0.000000000000
1.264509000000 1.133899000000 0.981733800000 0.800000000000 0.746440900000 0.700874100000 0.654290900000 0.604484400000 0.573411500000 0.514650600000 0.322795600000 0.261383800000 0.158600000000
0.900300000000 0.898880000000 0.891540000000 0.884270000000 0.877720000000 0.868950000000 0.859490000000 0.848900000000 0.841610000000 0.827160000000 0.767650000000 0.752530000000 0.761280000000
0.643110000000 0.639910000000 0.636650000000 0.631850000000 0.630740000000 0.631070000000 0.631440000000 0.631960000000 0.632280000000 0.633760000000 0.641970000000 0.654810000000 0.731500000000
6.775183100000 6.793515500000 6.796968200000 6.781024300000 6.755889700000 6.710830600000 6.662568900000 6.604780400000 6.569870900000 6.430637200000 5.844444300000 5.534963100000 4.641065400000
-0.191081640000 -0.191003290000 -0.190215240000 -0.188632770000 -0.187426840000 -0.185599620000 -0.183663460000 -0.181368890000 -0.179966800000 -0.175103520000 -0.154604340000 -0.146541630000 -0.130093260000
0.002093529600 0.002085845400 0.002066760500 0.002037538900 0.002018751100 0.001991909700 0.001963753300 0.001930488700 0.001910024500 0.001845480300 0.001572762300 0.001489719400 0.001402616100
-0.000010328481 -0.000010250957 -0.000010095790 -0.000009888740 -0.000009765814 -0.000009595333 -0.000009417771 -0.000009208367 -0.000009078911 -0.000008699319 -0.000007091756 -0.000006693801 -0.000006691005
0.000000019465 0.000000019233 0.000000018807 0.000000018294 0.000000018002 0.000000017606 0.000000017195 0.000000016711 0.000000016410 0.000000015586 0.000000012087 0.000000011333 0.000000011972
-0.005089000000 -0.003002000000 -0.001122000000 -0.000163000000 -0.000038000000 0.000046000000 0.000069000000 0.000055000000 0.000028000000 0.000230000000 0.000094000000 -0.000118000000 -0.000177000000
-0.008728000000 -0.006274000000 -0.004058000000 -0.002126000000 -0.001595000000 -0.001636000000 -0.001507000000 -0.001227000000 -0.000947000000 -0.001767000000 -0.001330000000 -0.000817000000 -0.000206000000
-0.007925000000 -0.006531000000 -0.004908000000 -0.003231000000 -0.002533000000 -0.002370000000 -0.002019000000 -0.001498000000 -0.000956000000 -0.002703000000 -0.003734000000 -0.002953000000 -0.000111000000
-0.001117000000 -0.001074000000 -0.000997000000 -0.001058000000 -0.000983000000 -0.000935000000 -0.000784000000 -0.000523000000 -0.000204000000 -0.001425000000 -0.003652000000 -0.003269000000 0.002813000000
-0.014174000000 -0.006159000000 -0.002094000000 -0.000526000000 -0.000337000000 -0.000243000000 -0.000166000000 -0.000103000000 -0.000076000000 -0.000039000000 -0.000007000000 0.000149000000 0.000081000000
0.026846000000 0.012341000000 0.003693000000 0.000330000000 -0.000007000000 -0.000002000000 -0.000070000000 -0.000173000000 -0.000013000000 -0.000678000000 0.001411000000 -0.166024000000 -0.305588000000
0.020620000000 0.022954000000 0.023609000000 0.022281000000 0.021290000000 0.020742000000 0.018990000000 0.018467000000 0.011222000000 0.025533000000 -0.097590000000 31.832512000000 196.911541000000
-0.004066000000 -0.003736000000 -0.003220000000 -0.002563000000 -0.002319000000 -0.002090000000 -0.001859000000 -0.001624000000 -0.001480000000 -0.001209000000 -0.000487000000 -0.000331000000 -0.000130000000
-0.012748000000 -0.013118000000 -0.013454000000 -0.013325000000 -0.013190000000 -0.013036000000 -0.012823000000 -0.012517000000 -0.012301000000 -0.011614000000 -0.008672000000 -0.007886000000 -0.006513000000
-0.012156000000 -0.014137000000 -0.016606000000 -0.020169000000 -0.021057000000 -0.021765000000 -0.022443000000 -0.023143000000 -0.023479000000 -0.024277000000 -0.025249000000 -0.027972000000 -0.050214000000
-0.003908000000 -0.005047000000 -0.006828000000 -0.010156000000 -0.011374000000 -0.012538000000 -0.013871000000 -0.015519000000 -0.016621000000 -0.019197000000 -0.032142000000 -0.043793000000 -0.125596000000
