 -0.003960 0.757172 
 -0.098358 0.997377 
 0.000000 0.000000  0.000000
 0.000000 0.000000 0.000000
 0.000000 0.000000 0.000000
 0.000000 0.000000 0.000000
 0.000000 0.000000 0.000000
 0.043496 0.203348 -0.078604 0.033968 
 1.108239 -0.207973 -0.080452 -0.220843 
 0.088375 0.075090 
 4.500000e-07 0.969169 
 0.891700 0.636330 
           6.76035318531630e+00          -1.89044653422303e-01           2.05493682980091e-03
          -1.00499831499645e-05           1.87525768776653e-08 
 -0.004327 -0.016631 
 -0.015776 -0.003437  
-0.000926 -0.004305 0.025504
 -0.008544 -0.036142 
 -0.037426 -0.012087 