 -0.003385 0.752100 
 0.000000 0.000000 
 0.000000 0.000000  0.000000
 -0.010509 0.743453 1.353403
 -0.005035 0.870141 1.116301
 0.000000 0.000000 0.000000
 0.000000 0.000000 0.000000
 0.000928 0.074682 -0.023596 0.000965 
 1.031832 -0.093928 0.000178 -0.058392 
 0.001260 0.001254 
 -5.000000e-08 0.258547 
 0.752762 0.656413 
           5.47692563250395e+00          -1.45041851875588e-01           1.47682672359259e-03
          -6.65345949057825e-06           1.13035958855017e-08 
 0.000000 0.000000 
 0.000000 0.000000  
 0.000000 0.000000  0.000000
 -0.000453 -0.011233 
 -0.039377 -0.056588 