 -0.003133 0.778892
 -0.049522 0.999081
 0.000000 0.000000 0.000000
 0.000000 0.000000 0.000000
 0.000000 0.000000 0.000000
 0.000000 0.000000 0.000000
 0.000000 0.000000 0.000000
 0.025377 0.207408 -0.079819 0.016659
 1.098392 -0.187142 -0.045195 -0.187873
 0.045200 0.041080
 -0.000000e+00 0.800000
 0.884270 0.631850
 6.78102940000000e+00 -1.88632980000000e-01 2.03754210000000e-03
 -9.88876000000000e-06 1.82940000000000e-08
 -0.000163 -0.002129
 -0.003235 -0.001060
 -0.000523 0.000236 0.022807
 -0.002563 -0.013325
 -0.020170 -0.010157
