 0.000000 0.000000 
 -0.027266 0.995324 
 0.000000 0.000000  0.000000
 0.000000 0.000000 0.000000
 0.000000 0.000000 0.000000
 0.000000 0.000000 0.000000
 0.000000 0.000000 0.000000
 0.066164 0.188677 -0.074672 0.053871 
 1.111931 -0.218353 -0.125175 -0.250030 
 0.151087 0.118629 
 5.551115e-17 1.123589 
 0.898712 0.639672 
           6.75779106959695e+00          -1.89867728747525e-01           2.07441172887779e-03
          -1.02065704453318e-05           1.91785706265332e-08 
 -0.009084 -0.024424 
 -0.019179 -0.003182  
-0.003098 0.000327 0.022817
 -0.010181 -0.036498 
 -0.032372 -0.008926 