 -0.047578 0.420667 
 0.000000 0.000000 
 0.000000 0.000000  0.000000
 -0.006778 0.737463 1.361425
 -0.005171 0.903896 1.075499
 0.000000 0.000000 0.000000
 0.000000 0.000000 0.000000
 0.000792 0.070395 -0.021806 0.000851 
 1.030446 -0.089941 -0.001587 -0.054139 
 0.001126 0.001121 
 6.938894e-17 0.246522 
 0.753522 0.663004 
           5.38790986275969e+00          -1.43564136337132e-01           1.47151113470331e-03
          -6.67651899908634e-06           1.14202566256823e-08 
 -0.000138 -0.000334 
 -0.000611 -0.000503  
-0.000048 -0.034105 9.002167
 -0.000390 -0.010416 
 -0.038729 -0.059528 