 -0.000687 0.908062 
 0.000000 0.000000 
 0.000000 0.000000  0.000000
 -0.016227 0.731758 1.400795
 -0.001031 0.938506 1.239389
 0.000000 0.000000 0.000000
 0.000000 0.000000 0.000000
 0.000949 0.203028 -0.064595 0.003615 
 1.087344 -0.110670 -0.001677 -0.154595 
 0.001299 0.001292 
 -1.500000e-07 0.580269 
 0.952335 0.678822 
           7.09350275005049e+00          -2.09068032989836e-01           2.41392764006307e-03
          -1.26540606414496e-05           2.54317421148863e-08 
 0.000000 0.000000 
 0.000000 0.000000  
 0.000000 0.000000  0.000000
 -0.006351 -0.042582 
 -0.087905 -0.046736 