 -0.000626 0.953631
 0.000000 0.000000
 0.000000 0.000000 0.000000
 -0.016177 0.743964 1.348859
 -0.003867 0.876877 1.127294
 0.000000 0.000000 0.000000
 0.000000 0.000000 0.000000
 0.002258 0.073562 -0.022606 -0.000212
 1.033240 -0.095582 0.000258 -0.060278
 0.001280 0.001270
 0.000000e+00 0.260476
 0.752590 0.655260
 5.52846400000000e+00 -1.46437030000000e-01 1.48940970000000e-03
 -6.69608700000000e-06 1.13430000000000e-08
 -0.000122 -0.000826
 -0.002993 -0.003317
 0.000157 -0.176037 34.129828
 -0.000329 -0.007881
 -0.028102 -0.044136
