 -0.033406 0.552621 
 -0.000146 0.995434 
 -0.003817 0.368146  2.220311
 0.000000 0.000000 0.000000
 0.000000 0.000000 0.000000
 0.000000 0.000000 0.000000
 0.000000 0.000000 0.000000
 0.011659 0.172235 -0.066160 0.007913 
 1.075550 -0.163857 -0.020546 -0.139207 
 0.018306 0.017430 
 2.000000e-07 0.600670 
 0.848094 0.632017 
           6.56339175440558e+00          -1.80051155187170e-01           1.91654804574695e-03
          -9.14859107988987e-06           1.66223995479010e-08 
 -0.000195 -0.004292 
 -0.006389 -0.002744  
-0.000029 -0.003051 0.028866
 -0.003915 -0.029303 
 -0.048594 -0.026323 