 -0.002878 0.746401 
 0.000000 0.000000 
 0.000000 0.000000  0.000000
 -0.010927 0.748806 1.346432
 -0.005500 0.875777 1.105708
 0.000000 0.000000 0.000000
 0.000000 0.000000 0.000000
 0.000899 0.201465 -0.063888 0.003549 
 1.086839 -0.109685 -0.001643 -0.153654 
 0.001233 0.001227 
 5.000000e-08 0.573814 
 0.952430 0.678441 
           7.09587545166707e+00          -2.09006590463072e-01           2.41155219797114e-03
          -1.26319351087286e-05           2.53670764475767e-08 
 0.000000 0.000000 
 0.000000 0.000000 
 0.000000 0.000000 0.000000
 -0.001416 -0.009471 
 -0.038322 -0.027111 
