 0.000000 0.000000
 -0.002451 0.999795
 0.000000 0.000000 0.000000
 0.000000 0.000000 0.000000
 0.000000 0.000000 0.000000
 0.000000 0.000000 0.000000
 0.000000 0.000000 0.000000
 0.094298 0.177722 -0.076367 0.070624
 1.100502 -0.220865 -0.188434 -0.264110
 0.238210 0.169700
 5.000000e-07 1.264559
 0.900300 0.643110
 6.77524580000000e+00 -1.91084330000000e-01 2.09356770000000e-03
 -1.03287080000000e-05 1.94650000000000e-08
 -0.005089 -0.008727
 -0.007924 -0.001117
 -0.014176 0.026851 0.020617
 -0.004066 -0.012747
 -0.012155 -0.003907
