 -0.013071 0.783733
 -0.010865 0.999960
 0.000000 0.000000 0.000000
 0.000000 0.000000 0.000000
 0.000000 0.000000 0.000000
 0.000000 0.000000 0.000000
 0.000000 0.000000 0.000000
 0.017503 0.191567 -0.073199 0.011517
 1.088773 -0.176258 -0.031918 -0.166031
 0.029250 0.027270
 5.000000e-07 0.699559
 0.868690 0.631080
 6.70950140000000e+00 -1.85545790000000e-01 1.99111990000000e-03
 -9.59032000000000e-06 1.75940000000000e-08
 0.000047 -0.001637
 -0.002369 -0.000936
 -0.000242 0.000039 0.020738
 -0.002083 -0.013032
 -0.021789 -0.012575
