 -0.096293 0.421758 
 -0.002109 0.987359 
 -0.013591 0.341322  2.220239
 0.000000 0.000000 0.000000
 0.000000 0.000000 0.000000
 0.000000 0.000000 0.000000
 0.000000 0.000000 0.000000
 0.011576 0.167812 -0.064047 0.008591 
 1.075006 -0.162497 -0.021003 -0.138456 
 0.018379 0.017385 
 2.000000e-07 0.593455 
 0.847169 0.632420 
           6.53126349998411e+00          -1.78983063475748e-01           1.90289561798983e-03
          -9.07083515448799e-06           1.64588338521602e-08 
 -0.000150 -0.004490 
 -0.006787 -0.002975  
-0.000040 -0.003130 0.034343
 -0.003803 -0.028692 
 -0.048272 -0.026555 