 -3.001701 0.424001 
 0.000000 0.000000 
 0.000000 0.000000  0.000000
 0.000000 0.000000 0.000000
 0.000000 0.000000 0.000000
 0.000000 0.000000 0.000000
 0.000000 0.000000 0.000000
 0.002099 0.095900 -0.032767 0.001754 
 1.042362 -0.113054 -0.004843 -0.076095 
 0.002433 0.002402 
 -2.000000e-07 0.323783 
 0.768022 0.641904 
           5.80968023964413e+00          -1.53523603925851e-01           1.56210109175157e-03
          -7.05232978297770e-06           1.20460426540149e-08 
 0.000183 -0.000624 
 -0.001240 -0.001758  
0.000001 -0.001403 0.083614
 -0.000879 -0.015140 
 -0.043346 -0.047135 