 -0.003575 0.778057 
 -0.064470 0.994639 
 -0.005070 0.496845  1.859930
 0.000000 0.000000 0.000000
 0.000000 0.000000 0.000000
 0.000000 0.000000 0.000000
 0.000000 0.000000 0.000000
 0.027745 0.233251 -0.083261 0.019434 
 1.112975 -0.168328 -0.048024 -0.213394 
 0.049017 0.044224 
 -1.000000e-07 0.947598 
 0.936199 0.703363 
           6.74423998630967e+00          -2.05871598814901e-01           2.47863299566132e-03
          -1.36390902331442e-05           2.88704397894734e-08 
 -0.000068 -0.001062 
 -0.000362 0.000452  
-0.000490 -0.000688 0.015137
 -0.002123 -0.009886 
 -0.025786 -0.011057 