 -0.003105 0.732040 
 0.000000 0.000000 
 0.000000 0.000000  0.000000
 -0.010473 0.749356 1.346007
 -0.005793 0.875385 1.104784
 0.000000 0.000000 0.000000
 0.000000 0.000000 0.000000
 0.000893 0.201247 -0.063789 0.003538 
 1.086768 -0.109548 -0.001638 -0.153524 
 0.001223 0.001217 
 8.326673e-17 0.572908 
 0.952444 0.678389 
           7.09620393623106e+00          -2.08998007349358e-01           2.41122139235538e-03
          -1.26288563004296e-05           2.53580806464712e-08 
 0.000000 0.000000 
 0.000000 0.000000 
 0.000000 0.000000  0.000000
 -0.001413 -0.009466 
 -0.038359 -0.027181 
