 -0.003462 0.768631 
 -0.049992 0.998946 
 0.000000 0.000000  0.000000
 0.000000 0.000000 0.000000
 0.000000 0.000000 0.000000
 0.000000 0.000000 0.000000
 0.000000 0.000000 0.000000
 0.025311 0.205083 -0.078741 0.018581 
 1.098114 -0.187508 -0.044991 -0.187552 
 0.045350 0.041199 
 3.000000e-07 0.800750 
 0.884340 0.631871 
           6.74578108507884e+00          -1.87558725045716e-01           2.02715414561316e-03
          -9.85140533414892e-06           1.82571656417566e-08 
 -0.001556 -0.009670 
 -0.011026 -0.003233  
-0.000199 -0.004652 0.026417
 -0.006787 -0.035332 
 -0.044693 -0.017605 