 -0.030175 0.587882 
 -0.000063 0.996229 
 -0.002126 0.396877  2.225586
 0.000000 0.000000 0.000000
 0.000000 0.000000 0.000000
 0.000000 0.000000 0.000000
 0.000000 0.000000 0.000000
 0.012741 0.246894 -0.089364 0.010693 
 1.105418 -0.157552 -0.022074 -0.192965 
 0.019978 0.018961 
 -5.000000e-08 0.867915 
 0.941729 0.697615 
           6.85267309320956e+00          -2.07498411790944e-01           2.47320696771761e-03
          -1.34490703174248e-05           2.81106370328109e-08 
 -0.000214 -0.004711 
 -0.004809 -0.001233  
-0.000037 -0.003118 0.028438
 -0.008527 -0.038612 
 -0.054242 -0.019249 