 -0.003942 0.771893 
 -0.083211 0.993764 
 -0.000827 0.591046  1.657154
 0.000000 0.000000 0.000000
 0.000000 0.000000 0.000000
 0.000000 0.000000 0.000000
 0.000000 0.000000 0.000000
 0.029745 0.206714 -0.079432 0.022237 
 1.101538 -0.193095 -0.053665 -0.197177 
 0.055300 0.049329 
 7.500000e-08 0.846238 
 0.887506 0.633136 
           6.75404174878710e+00          -1.88121135942172e-01           2.03684200015306e-03
          -9.91800150775058e-06           1.84196976210612e-08 
 -0.002136 -0.011462 
 -0.012447 -0.003354  
-0.000323 -0.004816 0.027009
 -0.007300 -0.035720 
 -0.042713 -0.015885 