 -0.017563 0.659149 
 0.000000 0.000000 
 0.000000 0.000000  0.000000
 -0.000137 0.945566 1.711058
 -0.020708 0.807874 1.212497
 -0.001723 0.943806 1.032878
 0.000000 0.000000 0.000000
 0.000016 0.039633 -0.009649 0.000218 
 1.017296 -0.051938 -0.000853 -0.030365 
 0.000371 0.000370 
 -2.000000e-07 0.156650 
 0.761528 0.733603 
           4.59777273967856e+00          -1.29000406002116e-01           1.39359586335181e-03
          -6.66540961293314e-06           1.19615317754053e-08 
 -0.000184 -0.000395 
 -0.001310 0.002327  
-0.000015 -0.029426 23.132540
 -0.000040 -0.004684 
 -0.034588 -0.100778 