 -0.004749 0.772886 
 -0.054621 0.999364 
 -0.000150 0.456625  1.920668
 0.000000 0.000000 0.000000
 0.000000 0.000000 0.000000
 0.000000 0.000000 0.000000
 0.000000 0.000000 0.000000
 0.026592 0.235023 -0.084218 0.018686 
 1.112446 -0.168009 -0.045997 -0.211845 
 0.046567 0.042222 
 -2.250000e-07 0.944202 
 0.936512 0.703118 
           6.74995282142297e+00          -2.05970140064088e-01           2.47865384310351e-03
          -1.36315685976726e-05           2.88372024767104e-08 
 -0.001555 -0.009219 
 -0.008760 -0.001817  
-0.000210 -0.004726 0.026485
 -0.008592 -0.036232 
 -0.047073 -0.015334 