 -0.004413 0.756458 
 -0.057269 0.994066 
 -0.010449 0.492151  1.906808
 0.000000 0.000000 0.000000
 0.000000 0.000000 0.000000
 0.000000 0.000000 0.000000
 0.000000 0.000000 0.000000
 0.026047 0.205247 -0.078705 0.019205 
 1.098680 -0.188343 -0.046242 -0.189083 
 0.047055 0.042601 
 -2.250000e-07 0.808243 
 0.885022 0.632076 
           6.74740430874044e+00          -1.87660260566472e-01           2.02886201794485e-03
          -9.86299968452194e-06           1.82852718583881e-08 
 -0.001674 -0.009996 
 -0.011322 -0.003268  
-0.000220 -0.004690 0.026542
 -0.006875 -0.035407 
 -0.044376 -0.017311 