 -0.000555 0.949879 
 0.000000 0.000000 
 0.000000 0.000000  0.000000
 -0.016048 0.732156 1.399435
 -0.000845 0.947078 1.237068
 0.000000 0.000000 0.000000
 0.000000 0.000000 0.000000
 0.000948 0.203016 -0.064588 0.003615 
 1.087341 -0.110663 -0.001677 -0.154588 
 0.001298 0.001291 
 1.665335e-16 0.580220 
 0.952336 0.678819 
           7.09351132212335e+00          -2.09067226344431e-01           2.41390527161432e-03
          -1.26538701216958e-05           2.54312104706273e-08 
 -0.000044 -0.000495 
 -0.000866 -0.000426  
-0.000032 -0.020394 4.656960
 -0.006350 -0.042582 
 -0.087914 -0.046745 