 -0.003238 0.797848 
 -0.063888 0.995888 
 -0.002259 0.532243  1.748444
 0.000000 0.000000 0.000000
 0.000000 0.000000 0.000000
 0.000000 0.000000 0.000000
 0.000000 0.000000 0.000000
 0.027679 0.233327 -0.083259 0.019399 
 1.112935 -0.168384 -0.047863 -0.213269 
 0.048877 0.044132 
 5.000000e-08 0.947737 
 0.936205 0.703355 
           6.74426180261708e+00          -2.05874329511929e-01           2.47869023036921e-03
          -1.36395356738709e-05           2.88716393005994e-08 
 -0.001693 -0.009566 
 -0.009082 -0.001864  
-0.000232 -0.004841 0.026726
 -0.008583 -0.036097 
 -0.046731 -0.015165 