 -0.003226 0.762951 
 -0.095016 0.997183 
 0.000000 0.000000  0.000000
 0.000000 0.000000 0.000000
 0.000000 0.000000 0.000000
 0.000000 0.000000 0.000000
 0.000000 0.000000 0.000000
 0.047667 0.205300 -0.070803 0.031815 
 1.122214 -0.171140 -0.084303 -0.240941 
 0.091282 0.077288 
 1.500000e-07 0.993952 
 0.931584 0.707510 
           6.65703065620008e+00          -2.04264744098646e-01           2.47575302449986e-03
          -1.37323170344636e-05           2.93170676891945e-08 
 -0.003568 -0.015105 
 -0.013754 -0.002383  
-0.000988 -0.004245 0.025301
 -0.008380 -0.034126 
 -0.042347 -0.013098 