 -0.004508 0.734850 
 -0.063871 0.992350 
 -0.006028 0.492796  1.890961
 0.000000 0.000000 0.000000
 0.000000 0.000000 0.000000
 0.000000 0.000000 0.000000
 0.000000 0.000000 0.000000
 0.027198 0.210857 -0.082034 0.018004 
 1.097424 -0.190181 -0.048402 -0.186196 
 0.048827 0.044047 
 -2.250000e-07 0.816310 
 0.885527 0.632331 
           6.74823929097907e+00          -1.87738468198177e-01           2.03028886503525e-03
          -9.87305608002448e-06           1.83101819157874e-08 
 -0.001771 -0.010328 
 -0.011598 -0.003297  
-0.000242 -0.004729 0.026800
 -0.006961 -0.035455 
 -0.043990 -0.016987 