 -0.028272 0.584910 
 -0.000099 0.995408 
 -0.002862 0.371620  2.207058
 0.000000 0.000000 0.000000
 0.000000 0.000000 0.000000
 0.000000 0.000000 0.000000
 0.000000 0.000000 0.000000
 0.012528 0.246822 -0.089259 0.010590 
 1.105273 -0.157278 -0.021668 -0.192608 
 0.019635 0.018647 
 3.500000e-07 0.866058 
 0.941833 0.697480 
           6.85487778469110e+00          -2.07528049220467e-01           2.47301802643338e-03
          -1.34445956584134e-05           2.80935901068215e-08 
 -0.000212 -0.004647 
 -0.004764 -0.001227  
-0.000033 -0.003147 0.028671
 -0.008521 -0.038659 
 -0.054415 -0.019353 