 -0.002445 0.779938 
 -0.076394 0.992123 
 -0.001016 0.516902  1.805787
 0.000000 0.000000 0.000000
 0.000000 0.000000 0.000000
 0.000000 0.000000 0.000000
 0.000000 0.000000 0.000000
 0.045050 0.209309 -0.073079 0.030131 
 1.120564 -0.170056 -0.079599 -0.236712 
 0.086670 0.072938 
 -1.250000e-07 0.984342 
 0.932339 0.706775 
           6.67304762416929e+00          -2.04540710665560e-01           2.47580866152557e-03
          -1.37112436386914e-05           2.92240097822342e-08 
 -0.000118 -0.000359 
 -0.000587 0.000578  
-0.001693 0.002456 0.019015
 -0.002132 -0.009944 
 -0.024873 -0.010237 