 -0.086077 0.427411 
 -0.001844 0.994349 
 -0.015113 0.341863  2.220013
 0.000000 0.000000 0.000000
 0.000000 0.000000 0.000000
 0.000000 0.000000 0.000000
 0.000000 0.000000 0.000000
 0.012107 0.244982 -0.088203 0.010324 
 1.104677 -0.155551 -0.021004 -0.191316 
 0.018630 0.017664 
 -3.000000e-07 0.853850 
 0.942166 0.696909 
           6.86133908821600e+00          -2.07486448290879e-01           2.46933562943182e-03
          -1.34055954380739e-05           2.79720431487914e-08 
 -0.000053 -0.004490 
 -0.004695 -0.001249  
-0.000035 -0.003185 0.031653
 -0.008415 -0.038718 
 -0.055277 -0.019962 