 -0.003998 0.756187 
 0.000000 0.000000 
 -0.000134 0.961539  2.876415
 0.000000 0.000000 0.000000
 0.000000 0.000000 0.000000
 0.000000 0.000000 0.000000
 0.000000 0.000000 0.000000
 0.014401 0.181811 -0.070094 0.010519 
 1.082849 -0.170337 -0.026380 -0.154151 
 0.023379 0.022031 
 -1.000000e-07 0.651329 
 0.858868 0.631470 
           6.62412590766901e+00          -1.82444572282389e-01           1.95106061607420e-03
          -9.36499209230481e-06           1.71207920727957e-08 
 -0.000346 -0.005403 
 -0.007430 -0.002900  
-0.000049 -0.003530 0.029404
 -0.004612 -0.031111 
 -0.047867 -0.023700 