 -0.000637 0.954274
 0.000000 0.000000
 0.000000 0.000000 0.000000
 -0.016701 0.743907 1.353949
 -0.003455 0.877252 1.132300
 0.000000 0.000000 0.000000
 0.000000 0.000000 0.000000
 0.002286 0.073880 -0.022731 -0.000219
 1.033331 -0.095863 0.000265 -0.060458
 0.001290 0.001280
 0.000000e+00 0.261384
 0.752530 0.654810
 5.53496010000000e+00 -1.46541570000000e-01 1.48971920000000e-03
 -6.69380300000000e-06 1.13330000000000e-08
 -0.000118 -0.000817
 -0.002957 -0.003276
 0.000149 -0.166024 31.832512
 -0.000331 -0.007886
 -0.027973 -0.043794
