 -0.000891 0.915043 
 0.000000 0.000000 
 0.000000 0.000000  0.000000
 -0.019294 0.729110 1.384687
 -0.000677 0.906560 1.197385
 0.000000 0.000000 0.000000
 0.000000 0.000000 0.000000
 0.002463 0.077403 -0.024722 -0.000344 
 1.032571 -0.096230 0.000235 -0.059851 
 0.001344 0.001337 
 2.000000e-07 0.265776 
 0.752249 0.652615 
           5.52932609398896e+00          -1.45882287529044e-01           1.47932128945299e-03
          -6.63533445872627e-06           1.12242476559255e-08 
   0.0   0.0
   0.0   0.0
   0.0   0.0   0.0 
 -0.000493 -0.011737 
 -0.039790 -0.054978 
