 -0.003817 0.772801 
 -0.063914 0.994450 
 -0.005871 0.495060  1.869201
 0.000000 0.000000 0.000000
 0.000000 0.000000 0.000000
 0.000000 0.000000 0.000000
 0.000000 0.000000 0.000000
 0.027661 0.233351 -0.083308 0.019382 
 1.112932 -0.168294 -0.047868 -0.213273 
 0.048853 0.044087 
 1.500000e-07 0.947293 
 0.936224 0.703341 
           6.74475453133400e+00          -2.05880604511655e-01           2.47863872533016e-03
          -1.36384521402439e-05           2.88675761755640e-08 
 -0.000069 -0.001066 
 -0.000366 0.000450  
-0.000488 -0.000670 0.015018
 -0.002123 -0.009886 
 -0.025795 -0.011065 