 -0.022353 0.641820 
 0.000000 0.000000 
 0.000000 0.000000  0.000000
 -0.007226 0.546063 1.838079
 -0.030303 0.771309 1.210542
 -0.001344 0.947494 1.039214
 0.000000 0.000000 0.000000
 0.000020 0.039598 -0.009641 0.000218 
 1.017303 -0.051929 -0.000850 -0.030378 
 0.000367 0.000367 
 -5.000000e-08 0.156464 
 0.761712 0.733556 
           4.59406931064747e+00          -1.28865086942804e-01           1.39169415664512e-03
          -6.65390762018665e-06           1.19365844334037e-08 
 -0.000184 -0.000405 
 -0.001358 0.002235  
-0.000014 -0.035420 25.168650
 -0.000044 -0.004721 
 -0.034866 -0.101317 