 -0.028164 0.585874 
 0.000000 0.000000 
 0.000000 0.000000  0.000000
 0.000000 0.000000 0.000000
 0.000000 0.000000 0.000000
 0.000000 0.000000 0.000000
 0.000000 0.000000 0.000000
 0.011608 0.170964 -0.065460 0.008658 
 1.076842 -0.163897 -0.020681 -0.141903 
 0.018476 0.017587 
 5.000000e-08 0.602717 
 0.848520 0.631986 
           6.56647030442679e+00          -1.80167723003517e-01           1.91818566828734e-03
          -9.15866108277952e-06           1.66451987489877e-08 
 -0.000200 -0.004329 
 -0.006422 -0.002748  
-0.000027 -0.003161 0.029670
 -0.003942 -0.029385 
 -0.048574 -0.026212 