 -0.003865 0.755488 
 -0.100516 0.997283 
 -0.000015 0.706041  1.495855
 0.000000 0.000000 0.000000
 0.000000 0.000000 0.000000
 0.000000 0.000000 0.000000
 0.000000 0.000000 0.000000
 0.042430 0.203877 -0.078801 0.033041 
 1.107821 -0.206872 -0.078438 -0.219190 
 0.085743 0.073063 
 -3.750000e-07 0.960042 
 0.891518 0.636101 
           6.76026203380287e+00          -1.88990935251544e-01           2.05380425530671e-03
          -1.00414945464693e-05           1.87309102395776e-08 
 -0.004140 -0.016267 
 -0.015586 -0.003445  
-0.000871 -0.004365 0.025816
 -0.008452 -0.036113 
 -0.037779 -0.012324 