 -0.003817 0.772801 
 -0.063914 0.994450 
 -0.005853 0.499664  1.877506
 0.000000 0.000000 0.000000
 0.000000 0.000000 0.000000
 0.000000 0.000000 0.000000
 0.000000 0.000000 0.000000
 0.027221 0.211075 -0.082099 0.018013 
 1.097528 -0.190226 -0.048388 -0.186363 
 0.048853 0.044087 
 2.775558e-16 0.816952 
 0.885706 0.632330 
           6.74919223450812e+00          -1.87776046603552e-01           2.03082896013503e-03
          -9.87643219802159e-06           1.83179711398091e-08 
 -0.000099 -0.000877 
 -0.000221 0.000318  
-0.000488 -0.000670 0.015018
 -0.001632 -0.008607 
 -0.014273 -0.007851 