 -0.002617 0.785448 
 -0.079702 0.993535 
 -0.001022 0.518566  1.788893
 0.000000 0.000000 0.000000
 0.000000 0.000000 0.000000
 0.000000 0.000000 0.000000
 0.000000 0.000000 0.000000
 0.041944 0.213576 -0.074770 0.028200 
 1.119349 -0.169996 -0.073885 -0.232698 
 0.079564 0.067763 
 2.500000e-08 0.978957 
 0.932954 0.706221 
           6.68427207311354e+00          -2.04756933040838e-01           2.47641092804455e-03
          -1.37011737135269e-05           2.91719103647044e-08 
 -0.000119 -0.000583 
 -0.000661 0.000514  
-0.001415 0.001711 0.018639
 -0.002132 -0.009934 
 -0.024997 -0.010350 