 -0.000891 0.915043 
 0.000000 0.000000 
 0.000000 0.000000  0.000000
 -0.019299 0.728880 1.385755
 -0.000677 0.905769 1.203222
 0.000000 0.000000 0.000000
 0.000000 0.000000 0.000000
 0.000981 0.203999 -0.065036 0.003658 
 1.087650 -0.111270 -0.001699 -0.155164 
 0.001344 0.001337 
 1.500000e-07 0.584317 
 0.952275 0.679047 
           7.09213820431083e+00          -2.09109014252782e-01           2.41543115655570e-03
          -1.26679201255780e-05           2.54720602143113e-08 
   0.0   0.0
   0.0   0.0
   0.0   0.0   0.0 
 -0.006400 -0.042618 
 -0.087378 -0.046127 
