 -0.001482 0.778133 
 -0.075693 0.993272 
 0.000000 0.000000  0.000000
 0.000000 0.000000 0.000000
 0.000000 0.000000 0.000000
 0.000000 0.000000 0.000000
 0.000000 0.000000 0.000000
 0.050676 0.210010 -0.082669 0.035362 
 1.107649 -0.213673 -0.093717 -0.221698 
 0.104830 0.086994 
 -2.500000e-08 1.014546 
 0.894064 0.637322 
           6.76098155537781e+00          -1.89333141174985e-01           2.06123490933838e-03
          -1.00990709670023e-05           1.88837613169628e-08 
 -0.000669 -0.001277 
 -0.002133 -0.000193  
-0.002220 0.002778 0.017302
 -0.002093 -0.008507 
 -0.011514 -0.005154 