 -0.045352 0.430355 
 0.000000 0.000000 
 0.000000 0.000000  0.000000
 -0.006847 0.737542 1.361336
 -0.005172 0.903722 1.075718
 0.000000 0.000000 0.000000
 0.000000 0.000000 0.000000
 0.000794 0.070464 -0.021836 0.000853 
 1.030467 -0.090005 -0.001588 -0.054178 
 0.001128 0.001123 
 2.500000e-08 0.246712 
 0.753509 0.662896 
           5.38928892080849e+00          -1.43585957882354e-01           1.47157083706539e-03
          -6.67600159906188e-06           1.14180787051293e-08 
 -0.000137 -0.000333 
 -0.000619 -0.000525  
-0.000049 -0.033127 8.819292
 -0.000391 -0.010428 
 -0.038734 -0.059472 