 -0.000687 0.908062 
 0.000000 0.000000 
 0.000000 0.000000  0.000000
 -0.016224 0.731831 1.398069
 -0.001029 0.939269 1.229564
 0.000000 0.000000 0.000000
 0.000000 0.000000 0.000000
 0.000966 0.075945 -0.024121 0.000998 
 1.032209 -0.095106 0.000211 -0.059136 
 0.001299 0.001292 
 -2.250000e-07 0.262083 
 0.752494 0.654417 
           5.50351547079396e+00          -1.45474909466193e-01           1.47823035422971e-03
          -6.64520683883258e-06           1.12654338414985e-08 
 0.000000 0.000000 
 0.000000 0.000000  
 0.000000 0.000000  0.000000
 -0.000467 -0.011434 
 -0.039344 -0.055553 