 -0.002394 0.781904 
 -0.076537 0.991968 
 -0.000643 0.542710  1.750855
 0.000000 0.000000 0.000000
 0.000000 0.000000 0.000000
 0.000000 0.000000 0.000000
 0.000000 0.000000 0.000000
 0.046084 0.207896 -0.072498 0.030772 
 1.120988 -0.170126 -0.081495 -0.238069 
 0.088983 0.074658 
 5.000000e-08 0.986373 
 0.932127 0.706970 
           6.66896020743739e+00          -2.04462247308976e-01           2.47559559921147e-03
          -1.37149594497387e-05           2.92431169975714e-08 
 -0.000115 -0.000293 
 -0.000568 0.000595  
-0.001777 0.002640 0.018938
 -0.002133 -0.009947 
 -0.024825 -0.010194 