 -0.081584 0.438393 
 -0.003108 0.993675 
 -0.015035 0.341566  2.219431
 0.000000 0.000000 0.000000
 0.000000 0.000000 0.000000
 0.000000 0.000000 0.000000
 0.000000 0.000000 0.000000
 0.012411 0.171555 -0.065600 0.009156 
 1.077890 -0.164330 -0.022471 -0.144252 
 0.019868 0.018772 
 1.250000e-07 0.609438 
 0.850951 0.632174 
           6.55469128530948e+00          -1.79870426177807e-01           1.91538338912696e-03
          -9.14776519560165e-06           1.66333048631565e-08 
 -0.000214 -0.004805 
 -0.007071 -0.002995  
-0.000039 -0.003384 0.032704
 -0.004030 -0.029355 
 -0.048207 -0.025734 