 -0.000462 0.914588
 0.000000 0.000000
 -0.000030 1.011031 2.725267
 0.000000 0.000000 0.000000
 0.000000 0.000000 0.000000
 0.000000 0.000000 0.000000
 0.000000 0.000000 0.000000
 0.009981 0.163520 -0.061354 0.006779
 1.073768 -0.160576 -0.017096 -0.134774
 0.015660 0.015030
 -0.000000e+00 0.573416
 0.841610 0.632280
 6.56992210000000e+00 -1.79968650000000e-01 1.91005000000000e-03
 -9.07906400000000e-06 1.64110000000000e-08
 0.000028 -0.000946
 -0.000953 -0.000202
 -0.000073 -0.000225 0.014347
 -0.001480 -0.012301
 -0.023480 -0.016621
