 0.000000 0.000000 
 -0.020295 0.994209 
 0.000000 0.000000  0.000000
 0.000000 0.000000 0.000000
 0.000000 0.000000 0.000000
 0.000000 0.000000 0.000000
 0.000000 0.000000 0.000000
 0.070646 0.184211 -0.073673 0.058309 
 1.110499 -0.219499 -0.135702 -0.253641 
 0.165691 0.127636 
 5.551115e-17 1.149980 
 0.899137 0.640285 
           6.75434810021498e+00          -1.89898921298094e-01           2.07623987113170e-03
          -1.02241889938645e-05           1.92302845243991e-08 
 -0.010055 -0.025743 
 -0.019539 -0.003100  
-0.003906 0.002521 0.022362
 -0.010390 -0.036355 
 -0.031429 -0.008460 