 -0.013718 0.772725
 -0.020370 0.999920
 -0.000011 0.729437 3.219574
 0.000000 0.000000 0.000000
 0.000000 0.000000 0.000000
 0.000000 0.000000 0.000000
 0.000000 0.000000 0.000000
 0.020735 0.200257 -0.076439 0.013665
 1.093389 -0.181161 -0.036706 -0.175895
 0.035810 0.033060
 1.250000e-06 0.746182
 0.877670 0.630740
 6.75565340000000e+00 -1.87417130000000e-01 2.01860720000000e-03
 -9.76489400000000e-06 1.80000000000000e-08
 -0.000038 -0.001601
 -0.002539 -0.000986
 -0.000338 0.000014 0.021209
 -0.002318 -0.013190
 -0.021063 -0.011381
