 -0.000631 0.949862 
 0.000000 0.000000 
 0.000000 0.000000  0.000000
 -0.016262 0.738485 1.358547
 -0.003887 0.871517 1.133302
 0.000000 0.000000 0.000000
 0.000000 0.000000 0.000000
 0.000947 0.075370 -0.023880 0.000983 
 1.031959 -0.094587 -0.001677 -0.056932 
 0.001280 0.001273 
 2.000000e-07 0.260475 
 0.752594 0.655262 
           5.49187232795207e+00          -1.45285515888614e-01           1.47761842376809e-03
          -6.64881507720440e-06           1.12820687333172e-08 
 -0.000083 -0.000316 
 -0.000663 -0.000715  
-0.000036 -0.020753 4.878444
 -0.000459 -0.011325 
 -0.039267 -0.055923 