 -0.004310 0.762524 
 -0.084388 0.993161 
 -0.000924 0.564059  1.681726
 0.000000 0.000000 0.000000
 0.000000 0.000000 0.000000
 0.000000 0.000000 0.000000
 0.000000 0.000000 0.000000
 0.032352 0.227342 -0.080739 0.022303 
 1.115073 -0.169141 -0.056758 -0.219864 
 0.058807 0.051820 
 3.000000e-07 0.959250 
 0.935045 0.704355 
           6.72268647297731e+00          -2.05476253024744e-01           2.47795869204564e-03
          -1.36623983607601e-05           2.89814755723515e-08 
 -0.002046 -0.010881 
 -0.010228 -0.002003  
-0.000442 -0.004014 0.028687
 -0.008533 -0.035594 
 -0.045580 -0.014613 