 0.000000 0.000000 
 -0.020374 0.994366 
 0.000000 0.000000  0.000000
 0.000000 0.000000 0.000000
 0.000000 0.000000 0.000000
 0.000000 0.000000 0.000000
 0.000000 0.000000 0.000000
 0.070516 0.184360 -0.073705 0.058161 
 1.110593 -0.219483 -0.135348 -0.253575 
 0.165204 0.127360 
 7.500000e-08 1.149232 
 0.899132 0.640265 
           6.75451483183095e+00          -1.89900754747374e-01           2.07622562482812e-03
          -1.02239098122431e-05           1.92292843832552e-08 
 -0.010027 -0.025706 
 -0.019530 -0.003103  
-0.003875 0.002427 0.022347
 -0.010386 -0.036363 
 -0.031459 -0.008473 