 -0.016609 0.757891
 -0.010935 1.000019
 0.000000 0.000000 0.000000
 0.000000 0.000000 0.000000
 0.000000 0.000000 0.000000
 0.000000 0.000000 0.000000
 0.000000 0.000000 0.000000
 0.017593 0.191824 -0.073299 0.011573
 1.088909 -0.176402 -0.032059 -0.166319
 0.029420 0.027420
 -1.500000e-06 0.700877
 0.868950 0.631070
 6.71082630000000e+00 -1.85599450000000e-01 1.99190720000000e-03
 -9.59531800000000e-06 1.76060000000000e-08
 0.000046 -0.001635
 -0.002369 -0.000935
 -0.000242 -0.000016 0.020841
 -0.002090 -0.013036
 -0.021765 -0.012537
