 -0.001497 0.779942 
 -0.077071 0.993695 
 0.000000 0.000000  0.000000
 0.000000 0.000000 0.000000
 0.000000 0.000000 0.000000
 0.000000 0.000000 0.000000
 0.000000 0.000000 0.000000
 0.053110 0.197634 -0.067862 0.035122 
 1.124256 -0.170996 -0.093980 -0.247655 
 0.103917 0.086367 
 1.500000e-07 1.002017 
 0.930613 0.708386 
           6.63938852817411e+00          -2.03917548047965e-01           2.47462702847058e-03
          -1.37466743382591e-05           2.93949431493195e-08 
 -0.000147 -0.000223 
 -0.000943 0.000520  
-0.002179 0.002695 0.017192
 -0.002138 -0.009962 
 -0.024460 -0.009875 