 -0.002300 0.779365
 -0.000051 0.977838
 -0.001192 0.753953 2.678467
 0.000000 0.000000 0.000000
 0.000000 0.000000 0.000000
 0.000000 0.000000 0.000000
 0.000000 0.000000 0.000000
 0.014578 0.182237 -0.069429 0.009647
 1.083816 -0.171072 -0.026878 -0.155564
 0.023710 0.022330
 -3.000000e-06 0.654301
 0.859490 0.631440
 6.66256890000000e+00 -1.83663460000000e-01 1.96375330000000e-03
 -9.41777100000000e-06 1.71950000000000e-08
 0.000069 -0.001507
 -0.002018 -0.000783
 -0.000167 -0.000028 0.018729
 -0.001860 -0.012823
 -0.022442 -0.013870
