 0.000000 0.000000 
 -0.005776 0.998484 
 0.000000 0.000000  0.000000
 0.000000 0.000000 0.000000
 0.000000 0.000000 0.000000
 0.000000 0.000000 0.000000
 0.000000 0.000000 0.000000
 0.092286 0.149698 -0.053210 0.062151 
 1.133406 -0.165291 -0.175374 -0.296521 
 0.209098 0.153373 
 -7.500000e-08 1.044564 
 0.924317 0.714073 
           6.52172568893065e+00          -2.01375257602510e-01           2.46142038308232e-03
          -1.37940335188866e-05           2.97770009658399e-08 
 -0.007338 -0.023629 
 -0.018746 -0.002339  
-0.006638 0.008788 0.020610
 -0.007856 -0.031276 
 -0.037350 -0.011002 