 -0.013079 0.598198 
 -0.042889 0.974928 
 -0.008910 0.381844  2.109452
 0.000000 0.000000 0.000000
 0.000000 0.000000 0.000000
 0.000000 0.000000 0.000000
 0.000000 0.000000 0.000000
 0.033174 0.192826 -0.074628 0.025876 
 1.097049 -0.191347 -0.061424 -0.194195 
 0.067438 0.056624 
 5.551115e-17 0.844540 
 0.882885 0.634207 
           6.70578301361086e+00          -1.86422751431728e-01           2.01403770850637e-03
          -9.78261168506308e-06           1.81214097604131e-08 
 -0.003128 -0.014311 
 -0.015789 -0.003988  
-0.000919 -0.001550 0.036269
 -0.006776 -0.033444 
 -0.039916 -0.015094 