 -0.003105 0.732040 
 0.000000 0.000000 
 0.000000 0.000000  0.000000
 -0.010469 0.749714 1.344576
 -0.005789 0.876275 1.107300
 0.000000 0.000000 0.000000
 0.000000 0.000000 0.000000
 0.002178 0.073693 -0.023155 -0.000287 
 1.031521 -0.092996 0.000166 -0.057783 
 0.001223 0.001217 
 1.750000e-07 0.255530 
 0.752923 0.657881 
           5.45584727431619e+00          -1.44699312059297e-01           1.47572188036503e-03
          -6.65996861571592e-06           1.13335369815086e-08 
 0.000000 0.000000 
 0.000000 0.000000 
 0.000000 0.000000  0.000000
 -0.000219 -0.006065 
 -0.021286 -0.035287 
