 -0.003575 0.778057 
 -0.064470 0.994639 
 -0.005054 0.501443  1.868517
 0.000000 0.000000 0.000000
 0.000000 0.000000 0.000000
 0.000000 0.000000 0.000000
 0.000000 0.000000 0.000000
 0.027300 0.211168 -0.082142 0.018067 
 1.097603 -0.190337 -0.048545 -0.186546 
 0.049017 0.044224 
 -2.500000e-08 0.817828 
 0.885785 0.632353 
           6.74951994193793e+00          -1.87793037489934e-01           2.03109945528021e-03
          -9.87821595432708e-06           1.83222111340646e-08 
 -0.000098 -0.000873 
 -0.000219 0.000319  
-0.000490 -0.000688 0.015137
 -0.001635 -0.008607 
 -0.014262 -0.007837 