 -0.004310 0.762524 
 -0.084388 0.993161 
 -0.000921 0.567275  1.688580
 0.000000 0.000000 0.000000
 0.000000 0.000000 0.000000
 0.000000 0.000000 0.000000
 0.000000 0.000000 0.000000
 0.031046 0.206134 -0.079308 0.023402 
 1.099879 -0.195142 -0.057146 -0.193762 
 0.058807 0.051820 
 2.500000e-08 0.856492 
 0.887985 0.633403 
           6.75413898512719e+00          -1.88184350300480e-01           2.03819685457135e-03
          -9.92832865419032e-06           1.84466144724499e-08 
 -0.002364 -0.012093 
 -0.013002 -0.003416  
-0.000442 -0.004014 0.028687
 -0.007385 -0.035673 
 -0.042118 -0.015480 