 -0.002161 0.767319 
 -0.091662 0.996842 
 0.000000 0.000000  0.000000
 0.000000 0.000000 0.000000
 0.000000 0.000000 0.000000
 0.000000 0.000000 0.000000
 0.000000 0.000000 0.000000
 0.045515 0.202223 -0.078156 0.035729 
 1.106516 -0.211496 -0.085611 -0.216268 
 0.093540 0.078967 
 1.665335e-16 0.985313 
 0.892276 0.636707 
           6.76064671510660e+00          -1.89145934703718e-01           2.05707624643476e-03
          -1.00662308472726e-05           1.87948765329914e-08 
 -0.004720 -0.017368 
 -0.016181 -0.003428  
-0.001040 -0.004184 0.025214
 -0.008713 -0.036198 
 -0.036835 -0.011689 