 -0.003445 0.756670 
 -0.093092 0.996313 
 0.000000 0.000000  0.000000
 0.000000 0.000000 0.000000
 0.000000 0.000000 0.000000
 0.000000 0.000000 0.000000
 0.000000 0.000000 0.000000
 0.044876 0.202650 -0.078357 0.035157 
 1.108720 -0.208874 -0.083002 -0.222915 
 0.091947 0.077725 
 1.665335e-16 0.979700 
 0.892240 0.636568 
           6.76063417779701e+00          -1.89115716852350e-01           2.05643869061202e-03
          -1.00615090386196e-05           1.87830538607598e-08 
 -0.004602 -0.017162 
 -0.016084 -0.003436  
-0.001014 -0.004160 0.025398
 -0.008658 -0.036180 
 -0.037048 -0.011829 