 0.000000 0.000000 
 -0.002656 0.999893 
 0.000000 0.000000  0.000000
 0.000000 0.000000 0.000000
 0.000000 0.000000 0.000000
 0.000000 0.000000 0.000000
 0.000000 0.000000 0.000000
 0.089792 0.161646 -0.067737 0.079019 
 1.100402 -0.222883 -0.182007 -0.265425 
 0.234485 0.167665 
 2.220446e-16 1.259587 
 0.900259 0.642990 
           6.73858064654043e+00          -1.89965979437350e-01           2.08293570282989e-03
          -1.02918401060534e-05           1.94325125765656e-08 
 -0.014357 -0.030609 
 -0.020316 -0.002715  
-0.008472 0.012341 0.019594
 -0.011223 -0.035710 
 -0.027909 -0.006831 