 -0.000718 0.905614
 -0.097353 0.998772
 0.000000 0.000000 0.000000
 0.000000 0.000000 0.000000
 0.000000 0.000000 0.000000
 0.000000 0.000000 0.000000
 0.000000 0.000000 0.000000
 0.046110 0.212321 -0.085580 0.030574
 1.108490 -0.208371 -0.084408 -0.221963
 0.091680 0.077730
 2.500000e-07 0.981716
 0.891540 0.636650
 6.79696520000000e+00 -1.90215060000000e-01 2.06675700000000e-03
 -1.00957610000000e-05 1.88070000000000e-08
 -0.001121 -0.004052
 -0.004902 -0.000996
 -0.002090 0.003651 0.023696
 -0.003220 -0.013453
 -0.016604 -0.006827
