 -0.004762 0.751512 
 -0.083799 0.992208 
 -0.003220 0.492351  1.875157
 0.000000 0.000000 0.000000
 0.000000 0.000000 0.000000
 0.000000 0.000000 0.000000
 0.000000 0.000000 0.000000
 0.030906 0.206031 -0.079272 0.023239 
 1.101913 -0.194381 -0.056041 -0.198900 
 0.058119 0.051500 
 -3.500000e-07 0.855922 
 0.887539 0.633413 
           6.75287476531674e+00          -1.88133967697175e-01           2.03744517574651e-03
          -9.92337729310266e-06           1.84343827929723e-08 
 -0.002314 -0.011986 
 -0.012898 -0.003407  
-0.000378 -0.004746 0.027540
 -0.007366 -0.035632 
 -0.042076 -0.015478 