 -0.022649 0.639027 
 0.000000 0.000000 
 0.000000 0.000000  0.000000
 -0.007124 0.541426 1.837441
 -0.030955 0.769656 1.212564
 -0.001345 0.947262 1.039004
 0.000000 0.000000 0.000000
 0.000019 0.039560 -0.009628 0.000217 
 1.017281 -0.051867 -0.000848 -0.030338 
 0.000367 0.000366 
 4.163336e-17 0.156342 
 0.761731 0.733680 
           4.59278582863899e+00          -1.28837937492986e-01           1.39148941527792e-03
          -6.65331789918773e-06           1.19361131918930e-08 
 -0.000183 -0.000402 
 -0.001351 0.002252  
-0.000014 -0.034945 24.747693
 -0.000043 -0.004715 
 -0.034866 -0.101410 