 -0.031313 0.575207 
 -0.000033 0.996048 
 -0.001074 0.398163  2.236040
 0.000000 0.000000 0.000000
 0.000000 0.000000 0.000000
 0.000000 0.000000 0.000000
 0.000000 0.000000 0.000000
 0.011640 0.172409 -0.066238 0.007929 
 1.075577 -0.163952 -0.020507 -0.139240 
 0.018312 0.017442 
 1.000000e-07 0.601186 
 0.848152 0.631990 
           6.56578548517235e+00          -1.80129952334102e-01           1.91754628731191e-03
          -9.15423069707230e-06           1.66341608191149e-08 
 -0.000106 -0.002743 
 -0.003740 -0.001569  
-0.000074 -0.001052 0.013614
 -0.000998 -0.008465 
 -0.016640 -0.012386 