 -0.021281 0.660318 
 0.000000 0.000000 
 0.000000 0.000000  0.000000
 -0.017873 0.553544 1.809237
 -0.029187 0.768141 1.207388
 -0.001283 0.948110 1.040435
 0.000000 0.000000 0.000000
 0.000027 0.039992 -0.009788 0.000224 
 1.017531 -0.052558 -0.000862 -0.030783 
 0.000375 0.000374 
 -7.500000e-08 0.157664 
 0.761566 0.732284 
           4.60635322723774e+00          -1.29110450413581e-01           1.39330932956225e-03
          -6.65692464929783e-06           1.19346999428628e-08 
 -0.000187 -0.000394 
 -0.001300 0.002121  
-0.000018 -0.036534 26.618368
 -0.000048 -0.004800 
 -0.034959 -0.100460 