 -0.033406 0.552621 
 -0.000146 0.995434 
 -0.003845 0.358399  2.200385
 0.000000 0.000000 0.000000
 0.000000 0.000000 0.000000
 0.000000 0.000000 0.000000
 0.000000 0.000000 0.000000
 0.011744 0.246496 -0.088865 0.010194 
 1.104729 -0.156192 -0.020215 -0.191272 
 0.018306 0.017430 
 -1.000000e-07 0.858615 
 0.942228 0.696970 
           6.86283979155520e+00          -2.07619916629982e-01           2.47196318883808e-03
          -1.34253279131384e-05           2.80233658998808e-08 
 -0.000178 -0.004395 
 -0.004574 -0.001203  
-0.000029 -0.003038 0.029005
 -0.008491 -0.038829 
 -0.055101 -0.019771 