 -0.003978 0.771363 
 -0.084216 0.993826 
 -0.000996 0.571777  1.689556
 0.000000 0.000000 0.000000
 0.000000 0.000000 0.000000
 0.000000 0.000000 0.000000
 0.000000 0.000000 0.000000
 0.031008 0.229114 -0.081413 0.021424 
 1.114600 -0.169146 -0.054151 -0.218098 
 0.055584 0.049560 
 -5.000000e-08 0.956983 
 0.935326 0.704120 
           6.72762231858235e+00          -2.05573790730905e-01           2.47828536335769e-03
          -1.36584943569440e-05           2.89600458958109e-08 
 -0.001924 -0.010501 
 -0.009878 -0.001965  
-0.000328 -0.004814 0.027003
 -0.008549 -0.035714 
 -0.045826 -0.014726 